13 0.162874 0.379617 0.084207 0.102144
13 0.239807 0.394433 0.071733 0.069400
13 0.311022 0.392489 0.068622 0.079533
13 0.391593 0.390150 0.086296 0.084211
13 0.469570 0.404178 0.071733 0.062378
13 0.545452 0.415878 0.071733 0.068622
13 0.618230 0.418217 0.063422 0.059256
13 0.690481 0.420167 0.064459 0.063156
13 0.705044 0.349211 0.068607 0.058489
13 0.496074 0.337906 0.091496 0.051456
13 0.455533 0.294239 0.076933 0.029633
13 0.570407 0.340244 0.057170 0.046778
13 0.776778 0.348433 0.072785 0.069400
13 0.768985 0.421722 0.075896 0.069400
13 0.850593 0.426789 0.062370 0.062378
13 0.188859 0.560128 0.061333 0.046789
13 0.253844 0.563244 0.051985 0.053022
13 0.319859 0.568317 0.065496 0.050678
13 0.339615 0.503594 0.082133 0.056922
13 0.386919 0.570650 0.070696 0.058478
13 0.450333 0.581961 0.066533 0.068611
13 0.523630 0.586639 0.073807 0.065500
13 0.591719 0.593267 0.070696 0.070956
13 0.669696 0.599117 0.068607 0.059256
13 0.739348 0.606522 0.068622 0.060044
13 0.824600 0.620161 0.079007 0.067056
13 0.416022 0.503989 0.056133 0.046778
13 0.479956 0.510617 0.069659 0.055367
13 0.544941 0.517633 0.051985 0.055356
13 0.614074 0.525817 0.061333 0.059256
10 0.633393 0.165128 0.111496 0.117656
10 0.750763 0.171044 0.113556 0.110267
10 0.867733 0.170306 0.114459 0.123589
