1 0.244763 0.813883 0.052874 0.094656
1 0.295933 0.844261 0.052874 0.100411
1 0.355622 0.854172 0.073348 0.083144
1 0.407637 0.830511 0.064815 0.076756
1 0.460511 0.812283 0.049467 0.069722
1 0.499741 0.798533 0.044341 0.061400
1 0.530867 0.775506 0.045200 0.058833
1 0.574785 0.755356 0.051170 0.064600
0 0.243844 0.641844 0.044400 0.078444
0 0.284793 0.662567 0.041437 0.081400
0 0.334133 0.673667 0.051319 0.088800
0 0.388400 0.668489 0.055259 0.076956
0 0.437733 0.658128 0.043407 0.069567
0 0.469800 0.640739 0.044400 0.079189
0 0.397281 0.468683 0.104578 0.140611
0 0.485096 0.459433 0.067081 0.125067
0 0.549726 0.453139 0.060193 0.113967
0 0.614356 0.455728 0.065126 0.104344
