5 0.842230 0.501183 0.037615 0.048011
0 0.487733 0.726128 0.041748 0.053233
0 0.441800 0.725083 0.044548 0.057411
0 0.532267 0.715694 0.047319 0.053233
0 0.392393 0.734483 0.037585 0.059500
0 0.346459 0.740217 0.045926 0.056367
0 0.299837 0.749617 0.044533 0.052189
5 0.755230 0.499617 0.047319 0.053233
0 0.578200 0.710472 0.033407 0.051144
1 0.884437 0.573517 0.030296 0.054744
0 0.272319 0.904867 0.024163 0.040267
0 0.304881 0.900339 0.039600 0.044300
0 0.345141 0.890522 0.032889 0.044800
0 0.256970 0.404650 0.046978 0.080056
0 0.310630 0.405744 0.056844 0.080489
10 0.243652 0.276672 0.042770 0.098456
0 0.385756 0.883972 0.032222 0.046811
0 0.362548 0.404867 0.041185 0.074400
0 0.408659 0.405956 0.048726 0.073089
0 0.458844 0.405522 0.048148 0.067000
0 0.509022 0.405083 0.047556 0.068744
0 0.553689 0.404650 0.044089 0.071344
0 0.588496 0.401167 0.027837 0.066133
0 0.261296 0.520056 0.045822 0.070756
0 0.307126 0.517361 0.047615 0.072100
0 0.360141 0.516350 0.056607 0.074122
0 0.412259 0.515672 0.045822 0.075478
0 0.468407 0.511633 0.059304 0.070089
0 0.514244 0.508261 0.043126 0.068744
0 0.311674 0.638444 0.048711 0.069933
0 0.356904 0.633750 0.044533 0.066811
0 0.408400 0.625922 0.050104 0.065756
0 0.452933 0.619661 0.038963 0.059500
0 0.487030 0.615483 0.037585 0.057411
0 0.528785 0.616528 0.040356 0.063678
0 0.262259 0.752750 0.027837 0.058456
5 0.793504 0.497528 0.034800 0.057411
5 0.819948 0.500661 0.034800 0.040700
0 0.558267 0.507589 0.050311 0.064689
1 0.852985 0.577006 0.038830 0.059411
0 0.915763 0.709861 0.002163 0.008256
0 0.958422 0.744706 0.083156 0.084078
1 0.664274 0.593022 0.021733 0.061156
0 0.574015 0.611828 0.047319 0.052189
1 0.695726 0.591283 0.041170 0.062322
1 0.737274 0.588367 0.040385 0.060000
1 0.776874 0.582539 0.040385 0.062322
1 0.814541 0.577883 0.038059 0.057656
10 0.344096 0.299094 0.045941 0.057411
10 0.294689 0.284483 0.055659 0.082456
0 0.530733 0.827094 0.098000 0.082056
0 0.495830 0.855028 0.041615 0.045300
0 0.459585 0.866356 0.038933 0.043800
0 0.419985 0.874411 0.036237 0.045800
0 0.263652 0.642622 0.044548 0.069933
