1 0.536296 0.626461 0.030281 0.058833
1 0.566193 0.630244 0.026400 0.061733
1 0.353259 0.706744 0.017481 0.038111
1 0.371867 0.712694 0.014578 0.036900
1 0.390319 0.715239 0.019096 0.037144
1 0.411519 0.719006 0.023956 0.044678
1 0.437252 0.727261 0.024933 0.045633
1 0.466222 0.736361 0.031081 0.045878
1 0.492119 0.742067 0.024593 0.050978
1 0.521407 0.750444 0.026222 0.049289
1 0.545844 0.751172 0.024607 0.063856
1 0.572719 0.759667 0.027837 0.054133
0 0.650148 0.769250 0.056148 0.099811
0 0.703170 0.776267 0.049896 0.107600
0 0.756719 0.780167 0.053022 0.096689
0 0.814407 0.792644 0.051985 0.106044
0 0.886148 0.805506 0.074844 0.108389
7 0.172007 0.268739 0.044252 0.054278
10 0.113089 0.276444 0.020933 0.055333
1 0.539785 0.530356 0.043481 0.072800
5 0.431933 0.438222 0.038919 0.053867
5 0.464148 0.438728 0.030874 0.052856
5 0.489652 0.440989 0.028193 0.052356
5 0.518852 0.443506 0.036904 0.046322
0 0.120844 0.354100 0.022104 0.047467
0 0.145370 0.351150 0.025467 0.051678
0 0.169526 0.352278 0.019852 0.052244
0 0.190689 0.351156 0.021733 0.050556
0 0.217281 0.350728 0.026207 0.048033
0 0.242000 0.349044 0.020978 0.048600
0 0.266341 0.346794 0.026222 0.051967
0 0.127615 0.427156 0.021363 0.050489
0 0.149793 0.426544 0.021037 0.047822
0 0.173578 0.427033 0.023956 0.050244
0 0.198667 0.427639 0.024919 0.049522
0 0.223748 0.427278 0.024593 0.052689
0 0.248348 0.428617 0.023304 0.052922
0 0.270519 0.428733 0.020385 0.051711
0 0.136007 0.500672 0.014296 0.038344
0 0.153830 0.502906 0.021111 0.040256
0 0.175978 0.505656 0.021111 0.042311
0 0.196770 0.506989 0.018815 0.041222
0 0.219341 0.509644 0.022563 0.043089
0 0.242852 0.510750 0.020696 0.044033
0 0.263644 0.511689 0.018400 0.044667
0 0.283489 0.513022 0.017556 0.043889
0 0.140259 0.570944 0.014830 0.035244
0 0.156904 0.572311 0.018459 0.039244
0 0.175652 0.573783 0.020133 0.043011
0 0.195800 0.575250 0.021822 0.043011
0 0.217615 0.579656 0.020148 0.044689
0 0.240000 0.581433 0.024622 0.046578
0 0.265311 0.586056 0.025467 0.046578
0 0.288111 0.589828 0.017911 0.044900
0 0.151444 0.662328 0.015926 0.030011
0 0.165585 0.664839 0.010637 0.031678
0 0.179985 0.668617 0.017630 0.030011
0 0.196637 0.672811 0.014548 0.037556
0 0.214541 0.675644 0.020133 0.040711
0 0.233000 0.681311 0.015659 0.036933
0 0.251881 0.684456 0.015941 0.036089
0 0.281541 0.675539 0.047289 0.064833
1 0.346415 0.515217 0.037274 0.056500
1 0.382911 0.516961 0.035719 0.063478
1 0.421356 0.519289 0.039600 0.065822
1 0.459022 0.522200 0.035733 0.069311
1 0.499793 0.523656 0.039615 0.074556
1 0.343696 0.599083 0.016311 0.043678
1 0.363496 0.598211 0.018637 0.046600
1 0.389126 0.604617 0.024859 0.054744
1 0.415919 0.609278 0.027185 0.057089
1 0.444267 0.611894 0.027970 0.056500
1 0.473000 0.617139 0.032607 0.059989
1 0.503674 0.621800 0.028741 0.061156
