13 0.549988 0.319855 0.054130 0.046473
13 0.542313 0.376195 0.051558 0.054973
1 0.148406 0.457486 0.070604 0.120773
13 0.671467 0.380191 0.051341 0.060382
13 0.608895 0.376568 0.054553 0.055555
13 0.612107 0.377173 0.054553 0.056764
13 0.488527 0.376577 0.054589 0.055573
13 0.485350 0.321014 0.057754 0.060391
13 0.419565 0.366300 0.067391 0.076091
13 0.349752 0.377173 0.059408 0.054345
13 0.348967 0.323427 0.060978 0.053145
13 0.282379 0.366300 0.072198 0.071255
1 0.137174 0.333091 0.093068 0.128018
13 0.665580 0.319300 0.061594 0.059400
13 0.609004 0.319927 0.063128 0.057855
13 0.418146 0.300750 0.068056 0.055045
13 0.277542 0.300450 0.078973 0.056009
1 0.078152 0.455673 0.066884 0.120182
1 0.022343 0.459168 0.044686 0.115991
1 0.043720 0.323614 0.087440 0.152318
5 0.173665 0.693682 0.058732 0.113673
5 0.108943 0.687814 0.080302 0.114573
1 0.164450 0.581441 0.061268 0.100609
1 0.121751 0.581441 0.050121 0.100609
1 0.079052 0.582836 0.072403 0.109000
1 0.027923 0.581441 0.055845 0.100609
