1 0.011534 0.579395 0.023068 0.108500
1 0.047530 0.460605 0.071123 0.117864
5 0.070211 0.692573 0.076727 0.117855
1 0.028351 0.333395 0.056703 0.144045
1 0.103925 0.330586 0.119300 0.142173
5 0.135568 0.687564 0.052947 0.103873
13 0.632772 0.383023 0.056848 0.055373
13 0.574583 0.382268 0.052838 0.054864
13 0.513466 0.381332 0.051981 0.050300
13 0.454994 0.381332 0.046413 0.055900
13 0.450350 0.324036 0.051981 0.047509
13 0.386304 0.370155 0.079831 0.067073
13 0.318539 0.379932 0.063116 0.055900
13 0.312971 0.323341 0.059396 0.062882
13 0.249849 0.372245 0.081679 0.079655
1 0.130109 0.576968 0.061256 0.097827
1 0.088339 0.583955 0.033418 0.086636
1 0.042856 0.579064 0.057548 0.090836
1 0.116184 0.457491 0.074251 0.118782
13 0.634529 0.326364 0.067101 0.050182
13 0.574885 0.326500 0.062138 0.052636
13 0.518961 0.329782 0.069589 0.051709
13 0.387059 0.306636 0.074191 0.055091
13 0.248484 0.303068 0.070423 0.056500
