7 0.449518 0.226533 0.024473 0.090061
10 0.332282 0.329715 0.025145 0.053103
0 0.379368 0.737000 0.025336 0.073394
0 0.405591 0.748352 0.028818 0.073964
0 0.433323 0.762624 0.026645 0.079212
0 0.492032 0.794667 0.023755 0.080873
0 0.512250 0.802079 0.019718 0.084909
0 0.532723 0.815891 0.024264 0.089624
0 0.563045 0.828358 0.038418 0.091648
1 0.604555 0.425176 0.028073 0.073285
1 0.623559 0.425176 0.023973 0.079539
1 0.645195 0.427909 0.020464 0.078752
1 0.667123 0.429855 0.026900 0.079539
1 0.694614 0.431024 0.035082 0.081879
1 0.608936 0.308606 0.028655 0.069406
1 0.629700 0.309388 0.022218 0.074073
1 0.649000 0.305873 0.021055 0.082655
1 0.669464 0.307824 0.022218 0.081879
1 0.700168 0.305485 0.040355 0.081879
1 0.566464 0.425158 0.029109 0.071261
5 0.465450 0.597636 0.029755 0.073067
5 0.467841 0.697152 0.013409 0.057382
0 0.379855 0.649521 0.018782 0.060570
0 0.395800 0.658842 0.015727 0.058242
0 0.412400 0.664952 0.014855 0.059988
0 0.428782 0.668158 0.016164 0.060582
0 0.448436 0.677479 0.022273 0.067564
0 0.330345 0.554218 0.019200 0.049188
0 0.345005 0.559606 0.012136 0.051891
0 0.359664 0.563988 0.018200 0.060655
0 0.376091 0.567358 0.012636 0.067394
0 0.391755 0.572745 0.017691 0.062000
0 0.408555 0.573758 0.013273 0.065455
0 0.424882 0.578812 0.017273 0.063758
0 0.442577 0.583588 0.017700 0.067127
0 0.332132 0.481388 0.013155 0.046145
0 0.345050 0.479921 0.011700 0.052982
0 0.357236 0.484145 0.013655 0.052970
0 0.371009 0.485121 0.013400 0.051018
0 0.384414 0.487236 0.013409 0.052655
0 0.398918 0.490648 0.016091 0.054921
0 0.414764 0.492758 0.012673 0.057855
0 0.428655 0.493897 0.015600 0.059479
0 0.443768 0.495691 0.014136 0.060448
0 0.328841 0.411673 0.013409 0.036073
0 0.340536 0.411188 0.009018 0.037042
0 0.349927 0.412812 0.010727 0.039006
0 0.362595 0.415897 0.014136 0.037370
0 0.375518 0.416085 0.010236 0.038958
0 0.388677 0.417503 0.014136 0.041309
0 0.402332 0.416715 0.012191 0.048752
0 0.414273 0.417182 0.010727 0.042606
0 0.427677 0.417685 0.015118 0.040945
0 0.445227 0.418661 0.017545 0.040958
7 0.471377 0.222188 0.021209 0.091794
7 0.493568 0.216533 0.021864 0.090933
7 0.517877 0.210224 0.026755 0.089636
7 0.542023 0.210006 0.022845 0.097030
7 0.575632 0.205006 0.045682 0.099200
1 0.456391 0.330606 0.016636 0.050012
1 0.470209 0.329479 0.012691 0.044000
1 0.484595 0.328915 0.015518 0.048885
1 0.499123 0.325152 0.013536 0.047370
1 0.513927 0.324964 0.014382 0.043236
1 0.530000 0.322327 0.017200 0.047758
1 0.546782 0.324018 0.016364 0.048885
1 0.577518 0.333236 0.045691 0.071830
1 0.459391 0.414812 0.014745 0.048315
1 0.474773 0.415903 0.013109 0.050982
1 0.489700 0.415539 0.014927 0.049285
1 0.507550 0.417842 0.019664 0.056315
1 0.524755 0.417358 0.014745 0.053891
1 0.542414 0.417970 0.019845 0.056570
1 0.462123 0.498642 0.022427 0.059152
1 0.481495 0.502382 0.015355 0.064667
1 0.498441 0.503358 0.014136 0.063370
1 0.517450 0.504491 0.020482 0.068255
1 0.537927 0.507745 0.018036 0.072145
1 0.573145 0.520255 0.048509 0.088727
5 0.480964 0.699715 0.014655 0.059309
