13 0.293364 0.391564 0.073031 0.053673
1 0.102832 0.597382 0.047258 0.108327
1 0.062023 0.602232 0.042959 0.098627
1 0.020272 0.603041 0.040543 0.097009
1 0.083502 0.472077 0.068744 0.113173
1 0.027790 0.476118 0.055580 0.108327
1 0.066316 0.344350 0.120290 0.142282
13 0.624155 0.389295 0.060145 0.058209
13 0.627367 0.328664 0.062295 0.059818
13 0.562923 0.387677 0.057971 0.061445
13 0.559710 0.332705 0.060145 0.051736
13 0.502778 0.388486 0.057971 0.059827
13 0.494197 0.333514 0.062283 0.056591
13 0.439420 0.390105 0.064444 0.063064
13 0.411498 0.359382 0.008599 0.004855
13 0.434052 0.328664 0.062283 0.056582
13 0.367464 0.377168 0.083768 0.075991
13 0.362095 0.312495 0.081630 0.053355
13 0.213883 0.384445 0.103104 0.067909
13 0.214958 0.318155 0.079481 0.058200
13 0.289390 0.336591 0.063442 0.055327
