0 0.418911 0.485500 0.034593 0.061289
0 0.384570 0.486439 0.034089 0.060922
0 0.352230 0.484183 0.030593 0.058656
0 0.320141 0.482867 0.032578 0.056778
0 0.287807 0.480050 0.031081 0.054144
0 0.258222 0.480422 0.028089 0.053400
0 0.455007 0.399767 0.036593 0.058289
0 0.419163 0.398828 0.033081 0.060167
0 0.382311 0.397694 0.031585 0.054900
0 0.348467 0.397322 0.033081 0.055644
0 0.317385 0.399200 0.026059 0.052644
0 0.286800 0.397700 0.033096 0.056400
0 0.254963 0.399578 0.031585 0.054156
0 0.343207 0.568983 0.028578 0.054522
1 0.643200 0.697800 0.037126 0.063956
1 0.605785 0.691061 0.031896 0.066122
1 0.570978 0.684533 0.034222 0.061778
1 0.544289 0.680833 0.014504 0.053511
1 0.873504 0.615572 0.032489 0.077878
1 0.826511 0.607961 0.061496 0.084411
1 0.763281 0.603828 0.060341 0.083967
1 0.707593 0.604044 0.046415 0.081800
1 0.657407 0.598172 0.049304 0.079611
1 0.600274 0.589467 0.058000 0.075267
1 0.552126 0.585772 0.041763 0.067878
0 0.450496 0.768272 0.071689 0.087611
0 0.407133 0.775228 0.023067 0.045122
0 0.381556 0.768833 0.026074 0.048133
0 0.355237 0.765639 0.027570 0.040989
0 0.330674 0.760000 0.022563 0.041733
0 0.307356 0.752667 0.022059 0.043622
0 0.285800 0.750789 0.021052 0.042867
0 0.267244 0.746844 0.020059 0.037978
0 0.467296 0.670694 0.028074 0.054144
0 0.433956 0.663922 0.036593 0.056400
0 0.398859 0.660917 0.027585 0.051900
0 0.366763 0.653583 0.022563 0.050011
0 0.337185 0.647756 0.031585 0.055644
0 0.309363 0.644939 0.024059 0.050011
0 0.283289 0.639672 0.027081 0.043233
0 0.257467 0.640611 0.024563 0.045867
0 0.465289 0.574428 0.027081 0.054900
0 0.435704 0.574994 0.026074 0.058278
0 0.405622 0.574617 0.028074 0.055278
0 0.374289 0.570294 0.033585 0.056411
1 0.684096 0.702372 0.035393 0.059167
0 0.314126 0.565972 0.030593 0.056033
0 0.286548 0.565033 0.025570 0.048889
0 0.261481 0.563150 0.025570 0.043611
0 0.458022 0.488511 0.041615 0.062800
10 0.246793 0.315444 0.029378 0.053800
10 0.298867 0.322072 0.022978 0.038078
10 0.274059 0.316578 0.025156 0.044978
1 0.856681 0.875528 0.044089 0.058300
1 0.814037 0.864006 0.037704 0.045678
1 0.779519 0.862261 0.041763 0.051767
1 0.739489 0.852694 0.033644 0.043944
1 0.698304 0.842467 0.040607 0.044378
1 0.658281 0.837683 0.029007 0.036544
1 0.628119 0.829628 0.029007 0.044811
1 0.597956 0.820278 0.023200 0.041778
0 0.955644 0.882944 0.086222 0.121267
5 0.668711 0.502178 0.062519 0.063067
5 0.717215 0.509456 0.047437 0.064667
5 0.760319 0.512722 0.038770 0.067889
5 0.793778 0.512689 0.040889 0.054978
1 0.572141 0.813967 0.023778 0.046556
1 0.545741 0.808961 0.025526 0.041767
1 0.864504 0.725650 0.056267 0.070922
1 0.816363 0.719994 0.052785 0.066567
1 0.768207 0.713689 0.035378 0.067000
1 0.729059 0.710422 0.048726 0.070911
