1 0.861864 0.624789 0.031127 0.094384
1 0.831436 0.625731 0.027455 0.102283
1 0.804405 0.624040 0.028864 0.092886
1 0.771995 0.626298 0.030282 0.094384
1 0.831659 0.608291 0.020009 0.011703
1 0.870914 0.490411 0.043573 0.141449
1 0.825818 0.498720 0.040545 0.117802
0 0.541141 0.346781 0.068373 0.115978
0 0.600573 0.365646 0.050491 0.136944
0 0.647382 0.366341 0.036818 0.132754
0 0.690509 0.360755 0.045236 0.143925
0 0.736264 0.361449 0.035764 0.134155
0 0.540091 0.490713 0.062055 0.149517
0 0.598468 0.501190 0.037864 0.117379
0 0.642645 0.503986 0.044182 0.122971
0 0.686300 0.510978 0.045236 0.134155
0 0.735214 0.508176 0.046282 0.114589
0 0.539250 0.625284 0.047336 0.103418
0 0.582905 0.626612 0.037864 0.100761
0 0.622345 0.628013 0.030509 0.092089
0 0.658114 0.629408 0.038918 0.092367
0 0.691245 0.625217 0.033655 0.083986
0 0.732268 0.629336 0.042082 0.100604
0 0.342336 0.860894 0.040073 0.090966
0 0.386977 0.864263 0.043118 0.100411
1 0.425532 0.859209 0.033991 0.094336
1 0.461550 0.861564 0.042100 0.090978
1 0.782136 0.362204 0.050218 0.138152
1 0.835909 0.362880 0.046164 0.136800
1 0.783005 0.497965 0.044336 0.118297
10 0.052568 0.628623 0.095755 0.136570
13 0.959809 0.410091 0.040164 0.066292
13 0.959200 0.351081 0.038945 0.064674
13 0.923905 0.400393 0.036518 0.082452
13 0.922686 0.326021 0.029209 0.063056
5 0.850505 0.736123 0.082845 0.125338
7 0.535632 0.744336 0.049573 0.110072
