13 0.623895 0.389709 0.061123 0.053582
1 0.012971 0.340627 0.025942 0.134200
1 0.075344 0.340627 0.103104 0.156836
1 0.029161 0.470786 0.053708 0.126118
1 0.089306 0.474018 0.079481 0.126109
1 0.023708 0.601750 0.047415 0.103482
1 0.058152 0.596091 0.055845 0.108327
1 0.103261 0.597705 0.060145 0.101864
13 0.222826 0.308345 0.076570 0.057491
13 0.364251 0.310682 0.071739 0.062091
13 0.500000 0.336364 0.055556 0.055091
13 0.561473 0.334818 0.054589 0.049818
13 0.626341 0.333214 0.072391 0.054118
13 0.370091 0.380391 0.081244 0.075709
13 0.435477 0.334673 0.071196 0.051836
13 0.442446 0.391750 0.057258 0.055336
13 0.228496 0.379809 0.075060 0.079218
13 0.295423 0.334668 0.063454 0.055336
13 0.296202 0.392041 0.058804 0.054755
13 0.501636 0.393786 0.061123 0.055918
13 0.563539 0.388545 0.051836 0.054745
