0 0.127391 0.482446 0.078309 0.166099
0 0.135364 0.352536 0.077273 0.144686
13 0.568545 0.352850 0.036309 0.054662
13 0.565523 0.409928 0.047209 0.056280
13 0.759518 0.411063 0.035509 0.063357
13 0.606673 0.395465 0.044782 0.072355
13 0.647223 0.351244 0.031464 0.051449
0 0.293195 0.628611 0.037518 0.098092
1 0.188073 0.491419 0.042982 0.125616
1 0.441100 0.356546 0.052036 0.146329
0 0.337014 0.359764 0.054464 0.143104
0 0.292832 0.360568 0.048409 0.141498
0 0.250468 0.352530 0.045991 0.147935
0 0.200845 0.354167 0.053255 0.151087
13 0.722736 0.408708 0.035000 0.059976
13 0.524977 0.401884 0.045991 0.072367
0 0.178214 0.620574 0.044791 0.091655
0 0.216945 0.625399 0.042364 0.104517
0 0.258095 0.622983 0.042355 0.093261
13 0.647827 0.412343 0.039945 0.064324
0 0.334955 0.631830 0.050836 0.098080
7 0.129668 0.741178 0.049573 0.112766
1 0.059145 0.852059 0.051073 0.103345
1 0.018377 0.860411 0.036755 0.092899
1 0.232223 0.496087 0.048445 0.128720
1 0.275982 0.495048 0.042200 0.130797
1 0.324036 0.496093 0.057036 0.120423
1 0.413895 0.495574 0.047664 0.119384
1 0.456482 0.499203 0.042200 0.122488
1 0.404909 0.621697 0.039073 0.105882
1 0.431482 0.618068 0.029691 0.100700
1 0.459609 0.623255 0.034382 0.096534
5 0.397100 0.734330 0.028127 0.113152
5 0.362659 0.735465 0.043045 0.121630
13 0.759718 0.351135 0.039091 0.062222
13 0.722895 0.344505 0.032736 0.072585
13 0.698491 0.381014 0.012436 0.121981
13 0.609409 0.329348 0.048818 0.058937
13 0.524400 0.332349 0.043018 0.082645
1 0.370818 0.618303 0.038909 0.110399
1 0.371209 0.495193 0.042818 0.123382
1 0.382818 0.357494 0.062909 0.160157
0 0.137032 0.619704 0.060118 0.124915
