0 0.049749 0.740422 0.099499 0.137689
0 0.155605 0.715061 0.102596 0.115944
0 0.244587 0.689694 0.078555 0.137678
0 0.320730 0.671583 0.070546 0.123189
0 0.380052 0.645611 0.051313 0.117156
0 0.032913 0.961394 0.065826 0.077211
0 0.117928 0.930039 0.075354 0.091789
0 0.181261 0.906483 0.048097 0.088167
0 0.234159 0.887167 0.054513 0.076089
0 0.292677 0.869050 0.056121 0.088167
0 0.349594 0.851533 0.048097 0.082133
0 0.396084 0.829194 0.038481 0.080922
1 0.421364 0.473772 0.064676 0.094722
1 0.478850 0.471967 0.040708 0.094733
1 0.520170 0.467911 0.037124 0.095622
1 0.563274 0.465206 0.044307 0.086611
1 0.451305 0.301461 0.071844 0.103744
1 0.521357 0.311833 0.044307 0.119089
1 0.603990 0.462044 0.037124 0.076689
1 0.636925 0.453478 0.031136 0.084800
1 0.671055 0.459339 0.025147 0.064056
1 0.696202 0.458883 0.022758 0.059544
1 0.715568 0.455472 0.017566 0.059167
1 0.736925 0.456194 0.025147 0.057722
1 0.735878 0.337206 0.028982 0.074078
1 0.703267 0.339156 0.030015 0.070178
1 0.670664 0.335644 0.031062 0.081867
1 0.640649 0.342272 0.022773 0.082656
1 0.607006 0.334083 0.034159 0.092789
1 0.565088 0.333694 0.033127 0.087322
