0 0.814838 0.787061 0.026283 0.064078
5 0.768886 0.383283 0.016563 0.076411
5 0.791143 0.394983 0.017596 0.059256
7 0.725937 0.481139 0.025885 0.081878
7 0.751291 0.480750 0.020693 0.084211
7 0.777684 0.484650 0.025870 0.054589
0 0.709860 0.582117 0.045472 0.077967
0 0.778724 0.568861 0.025885 0.073300
0 0.809292 0.565739 0.024779 0.073300
0 0.833068 0.557556 0.022773 0.074067
0 0.700796 0.693289 0.039440 0.072222
0 0.737131 0.686011 0.028599 0.071644
0 0.761873 0.674939 0.022419 0.076300
0 0.790096 0.663294 0.026298 0.071633
0 0.816379 0.656889 0.023201 0.063489
0 0.840354 0.778033 0.021652 0.053000
0 0.706984 0.838606 0.031696 0.056500
0 0.739838 0.823172 0.024749 0.059411
0 0.763422 0.812400 0.019322 0.061156
0 0.789322 0.801622 0.024749 0.057089
1 0.858060 0.547139 0.022050 0.059900
1 0.885457 0.544872 0.030059 0.062411
1 0.885811 0.640522 0.027847 0.066400
1 0.859528 0.640811 0.029381 0.069311
1 0.873437 0.773028 0.021652 0.040189
