13 0.224978 0.373411 0.072611 0.077489
13 0.287301 0.325550 0.056873 0.052878
13 0.291143 0.382483 0.049926 0.053189
13 0.341069 0.380583 0.048923 0.052433
13 0.338555 0.324350 0.046903 0.056989
13 0.389742 0.378306 0.048422 0.049389
13 0.433127 0.376972 0.036313 0.047500
13 0.387478 0.326250 0.049941 0.056233
13 0.430597 0.325489 0.033289 0.053956
13 0.466165 0.375839 0.026726 0.044456
13 0.466165 0.328339 0.030767 0.047500
13 0.499447 0.325300 0.033791 0.049778
13 0.532994 0.327194 0.030265 0.048256
13 0.500708 0.372222 0.041357 0.046356
13 0.533997 0.371272 0.026224 0.043700
13 0.564771 0.368044 0.032286 0.042556
13 0.594779 0.366711 0.025723 0.038378
13 0.566032 0.323783 0.034808 0.044456
13 0.597559 0.324350 0.023201 0.040278
13 0.328717 0.526683 0.062537 0.068011
13 0.389240 0.518894 0.054469 0.062322
13 0.329476 0.463228 0.063053 0.055100
13 0.388488 0.455817 0.053968 0.060789
13 0.433119 0.518700 0.033289 0.045978
13 0.433127 0.471589 0.037316 0.042178
13 0.464646 0.512244 0.029764 0.046733
13 0.493901 0.506356 0.027743 0.042556
13 0.463636 0.465506 0.022699 0.045211
13 0.492389 0.461139 0.034808 0.043322
13 0.528451 0.500656 0.034307 0.043311
13 0.529204 0.455628 0.035811 0.047500
