10 0.365848 0.901728 0.084882 0.063944
10 0.271659 0.908739 0.097301 0.101367
10 0.158835 0.917317 0.115929 0.101367
13 0.605236 0.493861 0.062625 0.048344
13 0.592861 0.432994 0.065723 0.071056
13 0.536431 0.488622 0.062625 0.033200
13 0.865074 0.318044 0.053451 0.061911
13 0.805937 0.307722 0.052788 0.048333
13 0.750140 0.306717 0.054794 0.044300
13 0.692338 0.303194 0.060811 0.051344
13 0.632198 0.303189 0.050118 0.049333
13 0.567721 0.298661 0.073496 0.061411
13 0.495214 0.293378 0.068835 0.059911
13 0.407013 0.276006 0.100900 0.090611
13 0.321814 0.287083 0.066814 0.060411
13 0.244631 0.281800 0.080855 0.067956
13 0.135044 0.257383 0.127640 0.109744
