13 0.552021 0.465483 0.048112 0.047322
13 0.233378 0.611078 0.050088 0.062000
13 0.507581 0.469006 0.038083 0.044300
13 0.461475 0.469767 0.042094 0.046822
13 0.491209 0.417917 0.049440 0.048833
13 0.438083 0.414394 0.046106 0.059900
13 0.386962 0.423456 0.052124 0.060911
13 0.416364 0.480083 0.049454 0.050344
13 0.367249 0.483106 0.068835 0.058389
13 0.305442 0.488894 0.052124 0.046811
13 0.333178 0.419672 0.047448 0.064433
13 0.276704 0.425217 0.062817 0.060411
13 0.241962 0.493172 0.074838 0.061411
13 0.165111 0.495689 0.076180 0.062422
13 0.082249 0.499967 0.089543 0.064933
13 0.206209 0.428489 0.068820 0.064933
13 0.129027 0.431506 0.078850 0.062922
13 0.043164 0.426472 0.084853 0.064944
13 0.442699 0.643767 0.057257 0.041111
13 0.393953 0.659267 0.079617 0.069422
13 0.322832 0.662633 0.046519 0.055933
13 0.292861 0.600633 0.058142 0.059978
13 0.344299 0.595578 0.046504 0.057956
13 0.410052 0.593894 0.058156 0.054589
13 0.267367 0.679144 0.067979 0.057956
13 0.198931 0.694983 0.081401 0.062678
13 0.104108 0.703072 0.101077 0.104456
13 0.167176 0.615128 0.075147 0.064700
