0 0.078164 0.945739 0.144912 0.108500
0 0.202957 0.935294 0.108245 0.121300
0 0.312544 0.933950 0.103761 0.125344
0 0.419889 0.929906 0.109130 0.140167
0 0.530811 0.923506 0.098407 0.147589
0 0.637264 0.915756 0.100192 0.141511
0 0.730752 0.898906 0.083186 0.140167
0 0.813938 0.890822 0.079617 0.126689
7 0.101394 0.479033 0.125236 0.180111
7 0.231807 0.490344 0.121106 0.141911
7 0.345147 0.511783 0.091091 0.103700
1 0.886984 0.685272 0.087979 0.113833
1 0.972212 0.680594 0.055575 0.113833
1 0.932013 0.488006 0.109720 0.165300
5 0.915656 0.318950 0.066209 0.110522
5 0.978850 0.326022 0.042301 0.123333
