13 0.174779 0.389444 0.102478 0.097467
13 0.264307 0.409328 0.072448 0.070167
13 0.332102 0.416344 0.056917 0.059267
13 0.406114 0.400750 0.086947 0.081100
13 0.482699 0.422972 0.062094 0.050678
13 0.774071 0.432717 0.046578 0.038989
13 0.729558 0.429994 0.042448 0.044433
13 0.684535 0.427267 0.043466 0.038978
13 0.638990 0.426478 0.043466 0.045222
13 0.594484 0.421800 0.049676 0.045222
13 0.542736 0.422600 0.057950 0.052978
13 0.557640 0.540867 0.070383 0.064711
13 0.580413 0.598956 0.055900 0.042111
13 0.518820 0.596617 0.056932 0.029633
