0 0.828975 0.778078 0.021460 0.051889
0 0.756962 0.812106 0.022360 0.059300
0 0.782013 0.800650 0.020575 0.052567
0 0.806158 0.790206 0.020575 0.058633
0 0.718945 0.688450 0.033997 0.073456
0 0.752493 0.678339 0.027729 0.076144
0 0.779771 0.668228 0.019690 0.066722
0 0.805265 0.660817 0.022360 0.069411
0 0.825391 0.649028 0.017891 0.067389
0 0.794535 0.564111 0.025944 0.070089
0 0.822714 0.556700 0.016106 0.074133
0 0.724757 0.578939 0.036681 0.079522
0 0.845074 0.548617 0.021475 0.071433
5 0.803392 0.389256 0.019322 0.064644
5 0.784447 0.383722 0.017006 0.075711
7 0.762419 0.478072 0.017788 0.079211
7 0.739218 0.480111 0.025516 0.083289
7 0.790642 0.480694 0.038658 0.059989
0 0.727441 0.825589 0.034882 0.053911
0 0.856261 0.765611 0.025944 0.049867
