10 0.640705 0.659281 0.052155 0.095713
10 0.681191 0.661105 0.026073 0.086606
10 0.708300 0.670217 0.026764 0.062899
13 0.542941 0.892657 0.037700 0.112126
13 0.580318 0.896757 0.034309 0.080229
13 0.575859 0.815622 0.032245 0.069287
13 0.609823 0.890380 0.027445 0.074746
13 0.641391 0.880350 0.031564 0.067464
13 0.670214 0.872144 0.024700 0.065640
13 0.690114 0.872603 0.015100 0.072017
13 0.609141 0.813345 0.026082 0.066546
13 0.638650 0.808786 0.032936 0.064722
13 0.665750 0.805139 0.022645 0.061075
13 0.685309 0.803321 0.016473 0.059251
13 0.706927 0.800127 0.024018 0.061993
13 0.729568 0.797397 0.019900 0.058345
13 0.749127 0.792379 0.023327 0.064734
13 0.770741 0.789191 0.014409 0.063816
