1 0.637544 0.791472 0.051755 0.130989
1 0.697574 0.781339 0.062109 0.129433
1 0.739491 0.961233 0.065206 0.077533
1 0.676873 0.955606 0.049676 0.088100
1 0.620472 0.961450 0.071416 0.068611
0 0.412935 0.829678 0.080737 0.152822
0 0.492124 0.816817 0.069351 0.130211
0 0.568193 0.800439 0.078658 0.123967
7 0.139174 0.671394 0.133510 0.184011
7 0.254580 0.678800 0.091077 0.134889
7 0.338414 0.679600 0.078658 0.097422
5 0.318237 0.503361 0.077625 0.109944
5 0.232847 0.492833 0.093156 0.134111
5 0.127788 0.499856 0.104543 0.135667
