0 0.559727 0.489822 0.039779 0.066733
0 0.594528 0.483700 0.028024 0.070822
0 0.620295 0.480294 0.019882 0.069456
0 0.667109 0.474094 0.019676 0.060789
0 0.641888 0.479417 0.018673 0.067633
0 0.555383 0.597817 0.031268 0.059656
0 0.666858 0.568178 0.024218 0.050533
0 0.553119 0.713472 0.029749 0.047878
0 0.580605 0.702306 0.021180 0.052811
0 0.601032 0.689956 0.018673 0.052444
0 0.619948 0.682339 0.016150 0.047833
0 0.637603 0.673028 0.018156 0.047544
0 0.655007 0.670006 0.017655 0.051300
0 0.670133 0.661839 0.010590 0.047878
5 0.561733 0.291850 0.030929 0.062433
5 0.587699 0.294928 0.019853 0.063300
5 0.608481 0.297789 0.021091 0.064622
5 0.626799 0.304822 0.016342 0.047044
7 0.564771 0.387383 0.029248 0.082833
7 0.592522 0.394606 0.020147 0.063833
7 0.613193 0.400111 0.017153 0.049778
1 0.684808 0.474972 0.015133 0.055856
1 0.702714 0.468322 0.019676 0.060800
1 0.689602 0.564261 0.016637 0.051300
1 0.682795 0.656022 0.013112 0.041800
1 0.695656 0.651467 0.012611 0.043311
1 0.708267 0.646528 0.011608 0.036478
1 0.644919 0.781956 0.020339 0.051089
1 0.663945 0.771883 0.016947 0.047967
