1 0.768562 0.308733 0.049897 0.097067
1 0.170841 0.051967 0.165133 0.103933
1 0.335162 0.076728 0.141091 0.153456
1 0.458606 0.080989 0.099395 0.161844
1 0.556409 0.082767 0.089779 0.165533
1 0.646984 0.089444 0.065737 0.166667
1 0.727950 0.096689 0.067345 0.157000
1 0.809712 0.093067 0.070546 0.144933
1 0.888245 0.099106 0.076903 0.140100
1 0.136711 0.302989 0.149646 0.154489
1 0.272507 0.305078 0.099764 0.150311
1 0.368112 0.305078 0.091445 0.154489
1 0.457493 0.301944 0.090059 0.156578
1 0.551711 0.300906 0.087286 0.150322
1 0.628614 0.304556 0.063746 0.147178
1 0.699285 0.309778 0.066504 0.115867
1 0.816364 0.308217 0.034646 0.096033
1 0.869019 0.312383 0.048510 0.098122
0 0.076519 0.554978 0.111298 0.131356
0 0.129388 0.772978 0.098304 0.092222
0 0.038260 0.795339 0.076519 0.103411
