1 0.614314 0.658417 0.021018 0.051433
7 0.401173 0.278694 0.062935 0.122167
7 0.456232 0.293739 0.039926 0.099367
7 0.494956 0.307411 0.035103 0.073844
0 0.390885 0.430939 0.071386 0.098456
0 0.457898 0.426578 0.051254 0.096911
0 0.510184 0.424606 0.044971 0.096122
0 0.550457 0.423422 0.031386 0.084311
0 0.585494 0.422239 0.028245 0.080367
0 0.386777 0.590456 0.051254 0.082733
0 0.554122 0.552244 0.024056 0.072489
0 0.583407 0.545550 0.034513 0.073278
0 0.382065 0.751583 0.046018 0.078789
0 0.428702 0.732672 0.040000 0.075633
0 0.471490 0.720067 0.042891 0.072489
0 0.503916 0.699583 0.017773 0.074056
0 0.531232 0.686944 0.033643 0.064600
0 0.587058 0.663711 0.031283 0.051822
0 0.560332 0.679050 0.019159 0.058900
5 0.391563 0.136872 0.051445 0.101833
5 0.439226 0.143711 0.037832 0.104111
5 0.478569 0.156061 0.035811 0.095367
5 0.514631 0.172594 0.027227 0.071433
1 0.616084 0.417800 0.023437 0.086511
1 0.646165 0.412206 0.028909 0.080033
1 0.625465 0.539333 0.021873 0.070622
1 0.647729 0.534600 0.022655 0.068311
1 0.633569 0.645450 0.014012 0.056278
1 0.649912 0.640178 0.018673 0.052756
1 0.549535 0.822844 0.030339 0.061111
1 0.578709 0.805917 0.025678 0.065056
