13 0.104292 0.502111 0.117729 0.092756
10 0.238931 0.676428 0.086593 0.090722
10 0.135413 0.710572 0.123127 0.077478
13 0.453562 0.399889 0.052198 0.076689
13 0.507072 0.397922 0.044381 0.060956
13 0.389934 0.405294 0.067212 0.069811
13 0.559602 0.391039 0.048938 0.054078
13 0.622574 0.389317 0.054823 0.059478
13 0.680649 0.444617 0.039145 0.046211
13 0.639462 0.448600 0.037891 0.055044
13 0.588038 0.451144 0.054130 0.060133
13 0.535265 0.463378 0.051416 0.066267
13 0.483850 0.471022 0.046018 0.055044
13 0.428370 0.478667 0.054115 0.054022
13 0.355973 0.480200 0.085251 0.085622
13 0.189543 0.434833 0.052773 0.070333
13 0.260575 0.428206 0.064956 0.067278
13 0.279521 0.501094 0.070369 0.062189
13 0.205096 0.509250 0.078481 0.072367
