1 0.452183 0.672983 0.033422 0.077522
1 0.461475 0.549039 0.041003 0.091367
1 0.425664 0.555133 0.027139 0.093978
0 0.334816 0.574578 0.043319 0.100511
0 0.385066 0.563917 0.051401 0.091367
0 0.285155 0.583294 0.051401 0.105700
7 0.236062 0.478644 0.050236 0.070489
7 0.176866 0.474944 0.067006 0.092667
5 0.165029 0.337028 0.057168 0.110944
5 0.223931 0.348078 0.058333 0.079267
0 0.374004 0.704194 0.036091 0.077522
0 0.329226 0.707972 0.050782 0.083056
0 0.268761 0.723578 0.063481 0.091111
0 0.205612 0.743206 0.058805 0.089100
0 0.149145 0.767372 0.047434 0.093122
1 0.488938 0.664678 0.034749 0.067956
1 0.416763 0.685567 0.037419 0.075511
