13 0.088149 0.232228 0.096652 0.092033
13 0.175509 0.243583 0.071903 0.068144
13 0.243555 0.245622 0.057994 0.058244
13 0.316232 0.233972 0.078097 0.087367
13 0.385811 0.246789 0.057994 0.050089
13 0.444572 0.246494 0.057994 0.057656
13 0.499078 0.247372 0.046386 0.048922
13 0.545472 0.248822 0.043304 0.053000
13 0.587987 0.248828 0.038658 0.043678
13 0.668746 0.254322 0.038702 0.051778
13 0.628053 0.246272 0.036932 0.047856
13 0.459609 0.363694 0.068894 0.066722
13 0.480634 0.417267 0.050088 0.047178
13 0.426512 0.419961 0.056357 0.028300
10 0.318341 0.768156 0.062109 0.063933
10 0.247957 0.794667 0.080723 0.073289
10 0.161010 0.809872 0.091077 0.086544
