0 0.764572 0.810044 0.066903 0.130800
5 0.659440 0.518283 0.055428 0.085100
5 0.795398 0.535617 0.040796 0.059878
5 0.709639 0.521828 0.042876 0.090611
5 0.753038 0.524194 0.046018 0.084300
7 0.681917 0.654433 0.069027 0.120556
7 0.744152 0.664678 0.053348 0.103222
7 0.792264 0.672950 0.036593 0.075633
0 0.687677 0.820289 0.090988 0.116600
0 0.926136 0.786800 0.055428 0.100067
0 0.873319 0.795861 0.046018 0.102433
0 0.825206 0.803744 0.050206 0.121333
0 0.946534 0.949506 0.043923 0.097700
0 0.906792 0.954628 0.039749 0.090611
0 0.872795 0.956239 0.024056 0.087522
