5 0.195789 0.278411 0.080723 0.116956
5 0.272906 0.294394 0.069351 0.094344
7 0.288555 0.456756 0.063392 0.083289
7 0.218577 0.448606 0.079631 0.122900
7 0.156342 0.441056 0.044838 0.169444
0 0.343827 0.575594 0.061077 0.120522
0 0.467522 0.560128 0.056401 0.106033
0 0.406069 0.569461 0.052581 0.107167
0 0.450140 0.720606 0.052581 0.078633
0 0.390612 0.734294 0.068038 0.083878
0 0.321025 0.744772 0.072670 0.107167
0 0.241386 0.762528 0.078850 0.111278
0 0.163296 0.784372 0.068038 0.107189
1 0.514661 0.554489 0.034071 0.105711
1 0.555391 0.547439 0.046180 0.103700
1 0.587493 0.688894 0.050118 0.070478
1 0.544063 0.691661 0.034086 0.097144
1 0.498953 0.701478 0.044100 0.093622
