0 0.319336 0.186794 0.077847 0.151567
0 0.391187 0.202583 0.051490 0.145256
0 0.449867 0.216117 0.056283 0.136233
0 0.458001 0.621033 0.037419 0.055378
0 0.494417 0.612983 0.034086 0.060411
0 0.527824 0.600144 0.031401 0.063933
0 0.562242 0.597378 0.032065 0.062422
0 0.593982 0.587311 0.028732 0.053356
0 0.621143 0.582778 0.022906 0.052356
0 0.645428 0.577850 0.019381 0.049833
0 0.451298 0.743900 0.039440 0.049511
0 0.484934 0.736622 0.024735 0.053578
0 0.513149 0.719733 0.030162 0.050089
0 0.543311 0.716528 0.023968 0.044856
0 0.564565 0.704294 0.021637 0.046011
0 0.222928 0.167844 0.114971 0.167800
0 0.582345 0.698472 0.015457 0.042522
0 0.605155 0.690028 0.017773 0.043100
0 0.627965 0.678089 0.017021 0.044844
0 0.651932 0.675467 0.018555 0.033778
1 0.671180 0.472061 0.023953 0.057744
1 0.687294 0.385000 0.029838 0.055022
1 0.817574 0.389933 0.014440 0.043511
1 0.798805 0.389933 0.015015 0.044378
1 0.785811 0.390589 0.012124 0.042200
1 0.769934 0.390806 0.013850 0.046122
1 0.752891 0.388411 0.017906 0.047422
1 0.732397 0.390367 0.012699 0.045244
1 0.713046 0.391889 0.014440 0.045689
1 0.693695 0.470422 0.018481 0.054822
1 0.709587 0.471078 0.010973 0.052644
1 0.793901 0.467372 0.009808 0.036544
1 0.814978 0.466067 0.009248 0.039156
1 0.803429 0.468250 0.009248 0.036544
1 0.779749 0.468683 0.012714 0.037411
1 0.763289 0.466506 0.012124 0.041767
1 0.745671 0.466506 0.018481 0.046122
1 0.725457 0.470856 0.015015 0.050467
