13 0.199786 0.524244 0.104823 0.110556
13 0.290634 0.531483 0.068142 0.072389
13 0.359653 0.522928 0.059395 0.065811
13 0.274919 0.456128 0.040192 0.062522
13 0.337817 0.453494 0.054159 0.063833
13 0.429108 0.492983 0.077743 0.084900
13 0.495494 0.498578 0.055029 0.053956
13 0.549218 0.493317 0.047168 0.060544
13 0.459240 0.427172 0.057655 0.051989
13 0.520833 0.430789 0.046298 0.063178
13 0.566689 0.433750 0.041932 0.051989
13 0.616490 0.419278 0.043687 0.061200
13 0.596829 0.491339 0.042802 0.053967
13 0.642699 0.481139 0.043687 0.050678
13 0.675457 0.415656 0.051534 0.061867
13 0.688997 0.474228 0.038437 0.052656
13 0.731364 0.466983 0.037566 0.048700
10 0.219181 0.715894 0.096091 0.088211
10 0.310472 0.690883 0.072507 0.085544
