0 0.463134 0.568189 0.053909 0.113933
5 0.171055 0.305311 0.067271 0.131000
5 0.239366 0.302972 0.069351 0.127878
5 0.311814 0.309211 0.071416 0.113844
7 0.331999 0.467522 0.062109 0.085711
7 0.193304 0.460478 0.074513 0.137222
7 0.269476 0.468106 0.068304 0.130211
1 0.571305 0.555761 0.041401 0.102144
1 0.617876 0.540944 0.045546 0.108378
1 0.646925 0.683256 0.047419 0.071067
1 0.604240 0.684944 0.039926 0.090244
1 0.556320 0.694728 0.052906 0.097011
0 0.221394 0.784411 0.074882 0.100400
0 0.298260 0.759406 0.074867 0.112056
0 0.375627 0.737028 0.072876 0.101900
0 0.445531 0.733289 0.066932 0.090578
0 0.505937 0.716533 0.047861 0.077467
0 0.519041 0.560483 0.057906 0.100767
0 0.398496 0.580978 0.068378 0.117689
