5 0.110111 0.215622 0.060959 0.143000
5 0.253857 0.232844 0.071342 0.114822
5 0.180774 0.221367 0.074823 0.125267
7 0.273001 0.393956 0.063525 0.082889
7 0.206386 0.391589 0.069823 0.111867
7 0.132109 0.383167 0.075133 0.138156
0 0.335096 0.513778 0.065708 0.116489
0 0.400044 0.505917 0.054897 0.108922
0 0.461121 0.500383 0.062625 0.110656
1 0.557434 0.488961 0.045723 0.101722
1 0.512117 0.492372 0.034469 0.106589
1 0.583894 0.626139 0.045664 0.067144
1 0.539469 0.630544 0.036490 0.078467
1 0.494152 0.636711 0.052198 0.086511
0 0.152493 0.706450 0.074513 0.114856
0 0.443569 0.652717 0.049086 0.076144
0 0.383791 0.667944 0.065841 0.081356
0 0.313916 0.675556 0.072758 0.103556
0 0.233348 0.690783 0.083746 0.107900
