13 0.645996 0.455750 0.022552 0.040300
13 0.669528 0.492167 0.026431 0.035444
13 0.694653 0.489128 0.023201 0.032767
13 0.669690 0.452961 0.025457 0.039567
13 0.693215 0.450656 0.020944 0.038844
13 0.719314 0.486333 0.023525 0.035444
13 0.742353 0.482700 0.020634 0.035444
13 0.717861 0.449072 0.025782 0.037144
13 0.741062 0.445800 0.018053 0.034956
13 0.551482 0.571967 0.039690 0.049067
13 0.551482 0.627378 0.039690 0.055889
13 0.589875 0.564978 0.037094 0.050044
13 0.592035 0.616978 0.037109 0.053289
13 0.622235 0.577006 0.026740 0.039656
13 0.622235 0.616328 0.023289 0.037700
13 0.644240 0.609178 0.018982 0.040956
13 0.644447 0.569528 0.016829 0.032500
13 0.666232 0.602683 0.025885 0.037700
13 0.664513 0.563678 0.020708 0.039000
13 0.688451 0.558644 0.022861 0.037378
13 0.692987 0.597639 0.023289 0.036078
10 0.608252 0.358211 0.056445 0.066400
10 0.653864 0.361706 0.033245 0.059411
10 0.684786 0.366944 0.023968 0.048933
13 0.484432 0.500172 0.034705 0.064433
13 0.524882 0.459900 0.040767 0.046311
13 0.523547 0.507217 0.035413 0.044300
13 0.556630 0.504200 0.029395 0.040267
13 0.558628 0.461917 0.022714 0.044300
13 0.591372 0.501428 0.034749 0.038767
13 0.591040 0.458389 0.038097 0.039267
13 0.622957 0.497144 0.024823 0.038600
13 0.646807 0.495439 0.018363 0.036656
13 0.622633 0.457083 0.022876 0.039567
