1 0.656084 0.845261 0.019543 0.062389
0 0.558178 0.489911 0.040280 0.079289
0 0.659720 0.482544 0.026844 0.075133
0 0.627323 0.489578 0.026268 0.079533
0 0.598149 0.489600 0.033260 0.083089
0 0.502441 0.632022 0.043761 0.079533
0 0.658547 0.598189 0.025678 0.064622
0 0.634329 0.601467 0.020428 0.068622
0 0.501563 0.778200 0.039676 0.066867
0 0.539499 0.763006 0.032684 0.063744
0 0.567795 0.750483 0.020428 0.059789
0 0.592603 0.737944 0.024499 0.054956
0 0.619152 0.722561 0.025088 0.060233
0 0.641917 0.715328 0.018083 0.061589
0 0.661755 0.710933 0.018083 0.053689
1 0.631858 0.857617 0.027345 0.063567
1 0.681084 0.701656 0.016416 0.051800
1 0.700229 0.699594 0.014056 0.044144
1 0.714676 0.689294 0.016401 0.055322
7 0.517935 0.368411 0.047257 0.093600
7 0.560140 0.375022 0.030398 0.093600
7 0.587153 0.387733 0.024985 0.060022
5 0.511187 0.250144 0.039159 0.083933
5 0.546976 0.256244 0.029705 0.083933
5 0.576010 0.263622 0.022965 0.075289
5 0.602338 0.275578 0.021608 0.056467
0 0.507183 0.494478 0.049617 0.084778
1 0.683636 0.481772 0.020428 0.068144
1 0.708444 0.478039 0.025678 0.070344
1 0.690354 0.589706 0.024513 0.061544
1 0.711652 0.587283 0.015752 0.060233
