5 0.486394 0.211061 0.040723 0.110056
5 0.531305 0.223239 0.037124 0.100144
5 0.569624 0.236322 0.034735 0.088422
5 0.609742 0.253011 0.028746 0.076689
1 0.494174 0.356311 0.063481 0.128111
1 0.554653 0.352250 0.043112 0.109167
1 0.604270 0.375256 0.032168 0.086600
1 0.766696 0.387022 0.020796 0.072222
1 0.736667 0.382667 0.030029 0.072222
1 0.706342 0.380928 0.025988 0.069611
1 0.676025 0.380711 0.026563 0.073533
1 0.643392 0.377883 0.034071 0.079189
1 0.465516 0.521233 0.061799 0.091800
1 0.519513 0.512539 0.043894 0.093544
1 0.560236 0.511017 0.031770 0.092233
1 0.598348 0.505144 0.038702 0.080489
1 0.769587 0.497094 0.020796 0.053944
1 0.750531 0.500350 0.012714 0.055256
1 0.728584 0.501878 0.021947 0.054822
1 0.700280 0.501661 0.031180 0.060478
1 0.673142 0.498178 0.024248 0.081356
1 0.638201 0.503617 0.035221 0.082656
0 0.031910 0.787883 0.063820 0.130989
0 0.112471 0.769956 0.093142 0.123200
0 0.201482 0.747339 0.093142 0.118522
0 0.290479 0.726678 0.076563 0.117733
0 0.424535 0.692372 0.054853 0.094344
0 0.360878 0.702111 0.055885 0.106044
0 0.075214 0.979322 0.101431 0.041356
0 0.158525 0.962950 0.069351 0.074100
0 0.222699 0.946172 0.056932 0.085767
0 0.280147 0.921222 0.057965 0.088889
0 0.334484 0.897800 0.048643 0.087378
0 0.389344 0.883783 0.052788 0.088900
0 0.443164 0.861594 0.050723 0.091189
