0 0.781600 0.578756 0.017891 0.068733
7 0.680796 0.504789 0.022006 0.077444
7 0.724395 0.505228 0.027080 0.056567
0 0.719513 0.691872 0.021947 0.075700
0 0.744631 0.677950 0.025988 0.071344
0 0.768606 0.675556 0.020782 0.070044
0 0.665774 0.599856 0.045000 0.085711
0 0.732198 0.587239 0.030088 0.069167
0 0.757920 0.580933 0.021357 0.073089
1 0.802928 0.568706 0.020870 0.062900
1 0.828060 0.566372 0.030929 0.062900
1 0.834240 0.658400 0.030929 0.065244
5 0.735162 0.414861 0.019056 0.063522
5 0.715236 0.409428 0.021947 0.066567
7 0.701903 0.503489 0.019056 0.072222
1 0.803702 0.661894 0.027050 0.059411
1 0.784757 0.668883 0.012375 0.062900
1 0.820715 0.787122 0.019336 0.047756
1 0.840428 0.773139 0.013923 0.034944
0 0.669329 0.852067 0.032345 0.057422
0 0.795516 0.791594 0.024838 0.053078
0 0.769823 0.800728 0.021947 0.053944
0 0.747006 0.813128 0.023687 0.054389
0 0.720730 0.824194 0.024263 0.056500
0 0.697625 0.842283 0.023097 0.066567
0 0.658879 0.711667 0.036962 0.075267
0 0.693496 0.698617 0.027670 0.082233
