13 0.115029 0.068244 0.122153 0.114578
13 0.222205 0.089000 0.085029 0.091111
13 0.301246 0.100272 0.065855 0.088411
13 0.383879 0.089450 0.092212 0.111878
13 0.468311 0.118317 0.067065 0.077589
13 0.535369 0.127344 0.062271 0.073978
13 0.594653 0.133656 0.051490 0.061356
13 0.787375 0.155994 0.043894 0.053522
13 0.742906 0.143811 0.041593 0.052644
13 0.697854 0.142511 0.047360 0.052644
13 0.646748 0.136200 0.051401 0.056556
13 0.540435 0.271906 0.073437 0.068744
13 0.559218 0.332561 0.060914 0.044478
13 0.498835 0.329189 0.054484 0.028311
10 0.166372 0.754661 0.105310 0.081411
10 0.271674 0.731694 0.094233 0.093944
10 0.354816 0.721778 0.063732 0.072022
