13 0.221976 0.263911 0.095221 0.104489
13 0.304255 0.279894 0.065206 0.066278
13 0.365848 0.282622 0.049690 0.068622
13 0.433127 0.271317 0.080737 0.089678
13 0.502471 0.288083 0.053820 0.067056
13 0.559912 0.285739 0.056932 0.059256
13 0.785022 0.287389 0.040752 0.044800
13 0.740944 0.283606 0.042065 0.054367
13 0.699159 0.284111 0.040088 0.046311
13 0.655723 0.282606 0.046785 0.048322
13 0.609617 0.284111 0.040088 0.046311
13 0.572198 0.391839 0.064159 0.061411
13 0.588237 0.445200 0.049454 0.037244
13 0.535774 0.445200 0.048776 0.027178
10 0.422773 0.789628 0.061858 0.054167
10 0.353186 0.810883 0.071121 0.055922
10 0.267367 0.819306 0.091224 0.091389
