13 0.162979 0.293928 0.106608 0.093567
13 0.255619 0.303283 0.072448 0.065500
13 0.321364 0.305622 0.056976 0.060822
13 0.761386 0.280511 0.043894 0.055244
13 0.715760 0.274856 0.040428 0.053511
13 0.673024 0.278339 0.042743 0.055256
13 0.623938 0.283339 0.050826 0.060033
13 0.576268 0.285950 0.041032 0.048722
13 0.524012 0.286817 0.057758 0.058300
13 0.463090 0.291172 0.059484 0.054811
13 0.391482 0.283772 0.080280 0.086144
13 0.547699 0.399939 0.070472 0.062656
13 0.567913 0.452583 0.055442 0.043500
13 0.509580 0.455628 0.056593 0.025233
10 0.262404 0.849150 0.087788 0.083967
10 0.350184 0.826117 0.083171 0.079567
10 0.425265 0.812606 0.060059 0.063078
