13 0.467957 0.608722 0.042198 0.051800
10 0.502471 0.705817 0.034292 0.057033
10 0.466917 0.725750 0.035811 0.052056
13 0.609440 0.531639 0.021416 0.035189
13 0.591807 0.538050 0.014351 0.039211
13 0.633525 0.526600 0.026755 0.033533
13 0.618319 0.572683 0.019705 0.032611
13 0.635833 0.564717 0.017743 0.033167
13 0.651519 0.559311 0.012153 0.032622
13 0.669521 0.555461 0.021903 0.032256
13 0.572647 0.541333 0.020310 0.035911
13 0.595693 0.575472 0.021091 0.033544
13 0.576165 0.584589 0.019528 0.035311
13 0.543739 0.542806 0.034381 0.029433
13 0.551556 0.585183 0.026563 0.049433
13 0.472257 0.561639 0.025782 0.036500
13 0.503119 0.557817 0.028127 0.038256
13 0.527338 0.597839 0.023437 0.038256
13 0.502338 0.604306 0.023437 0.040611
