13 0.643827 0.482378 0.025619 0.032067
10 0.583496 0.358267 0.050619 0.062644
10 0.626866 0.361889 0.025619 0.052222
10 0.655885 0.368983 0.030885 0.038033
13 0.476888 0.487917 0.033835 0.059056
13 0.513658 0.449028 0.038053 0.043700
13 0.513090 0.493872 0.029395 0.038033
13 0.544358 0.491461 0.027124 0.036611
13 0.574875 0.488761 0.032404 0.034633
13 0.572810 0.450589 0.032021 0.037756
13 0.543982 0.451444 0.021858 0.041156
13 0.602006 0.486778 0.021091 0.035200
13 0.620096 0.485072 0.014322 0.032922
13 0.599366 0.449028 0.021091 0.034056
13 0.620280 0.449878 0.019204 0.033489
13 0.665302 0.479822 0.014322 0.030378
13 0.641195 0.448033 0.019587 0.033200
13 0.661350 0.446472 0.019218 0.031789
13 0.685841 0.479256 0.024484 0.030378
13 0.706372 0.476844 0.016578 0.027244
13 0.705619 0.443633 0.012065 0.030644
13 0.684329 0.444344 0.024499 0.033778
13 0.658658 0.550156 0.024985 0.029000
13 0.662028 0.581950 0.029041 0.033567
13 0.636032 0.555500 0.018909 0.031533
13 0.636372 0.587800 0.019587 0.033067
13 0.535546 0.554611 0.034897 0.042911
13 0.569602 0.550572 0.031534 0.042122
13 0.535863 0.605850 0.035944 0.046878
13 0.572131 0.598722 0.034469 0.051000
13 0.617957 0.594128 0.015973 0.033567
13 0.599034 0.596500 0.018923 0.036422
13 0.597353 0.559522 0.021018 0.031822
13 0.616379 0.556594 0.016180 0.034522
