7 0.102212 0.372056 0.137876 0.176333
7 0.231276 0.393794 0.113820 0.147344
7 0.338695 0.398628 0.094587 0.123189
0 0.108628 0.832811 0.141091 0.131644
0 0.232876 0.809261 0.097788 0.157011
0 0.333886 0.801417 0.094587 0.150967
0 0.437294 0.794772 0.099395 0.132856
0 0.535088 0.782089 0.086578 0.121978
0 0.628872 0.768806 0.088186 0.126811
0 0.719454 0.763367 0.070531 0.118356
0 0.794004 0.758539 0.062522 0.123189
0 0.797212 0.951128 0.049705 0.097744
0 0.737891 0.956006 0.065723 0.078500
0 0.664137 0.963811 0.043289 0.072378
0 0.610435 0.964417 0.057714 0.071167
0 0.536689 0.968039 0.054499 0.063922
0 0.470951 0.975933 0.067330 0.045889
0 0.401217 0.981928 0.084971 0.036144
0 0.315442 0.987361 0.102596 0.025278
1 0.905715 0.363744 0.108038 0.116911
1 0.856549 0.564678 0.090059 0.115867
1 0.934145 0.552156 0.065133 0.126311
1 0.988894 0.557900 0.022212 0.123178
