13 0.537257 0.461656 0.042802 0.050022
13 0.608459 0.516278 0.041932 0.047378
13 0.654314 0.510028 0.042817 0.058567
10 0.329344 0.707128 0.077743 0.082922
10 0.240671 0.724244 0.094351 0.075022
13 0.684454 0.452117 0.048909 0.050678
13 0.625052 0.452444 0.050664 0.052644
13 0.579624 0.459683 0.040192 0.056589
13 0.736438 0.504433 0.037566 0.050022
13 0.697124 0.509039 0.034071 0.050011
13 0.237920 0.540611 0.082979 0.099000
13 0.321681 0.547694 0.068879 0.068411
13 0.384307 0.546511 0.056372 0.058978
13 0.365516 0.473978 0.059499 0.062511
13 0.301327 0.475744 0.043835 0.061333
13 0.446932 0.525867 0.068879 0.079022
13 0.511121 0.525283 0.046962 0.058967
13 0.559653 0.522333 0.034440 0.064867
13 0.483532 0.460339 0.055914 0.055278
