5 0.245996 0.306633 0.065206 0.096689
5 0.168363 0.292606 0.083835 0.127878
5 0.096423 0.294161 0.055885 0.127878
7 0.264108 0.461800 0.064174 0.087333
7 0.192684 0.458683 0.074513 0.123189
7 0.120745 0.453617 0.077625 0.145811
0 0.325686 0.585000 0.069336 0.112289
0 0.389344 0.570183 0.051755 0.120078
0 0.449889 0.562778 0.054853 0.111511
0 0.142802 0.783128 0.076844 0.115789
0 0.222979 0.761989 0.080855 0.121822
0 0.304838 0.746378 0.074838 0.112756
0 0.375000 0.736061 0.061475 0.095144
0 0.436482 0.720706 0.053466 0.091611
1 0.486836 0.703906 0.042434 0.095122
1 0.532382 0.691433 0.038304 0.098244
1 0.575066 0.686728 0.043437 0.076011
1 0.545332 0.548544 0.045442 0.105711
1 0.500229 0.555594 0.043437 0.110744
