13 0.259971 0.377189 0.060885 0.054867
13 0.282389 0.458994 0.069499 0.064433
13 0.191032 0.452683 0.113628 0.092900
10 0.288481 0.621589 0.078201 0.085711
10 0.192161 0.643100 0.109189 0.082911
13 0.551018 0.375178 0.038761 0.058889
13 0.576401 0.430806 0.044100 0.057389
13 0.621512 0.424761 0.044764 0.052344
13 0.594779 0.365361 0.044779 0.063433
13 0.654919 0.366372 0.051460 0.057389
13 0.663945 0.422500 0.032080 0.050844
13 0.702338 0.421489 0.039484 0.047822
13 0.505575 0.372911 0.045428 0.069467
13 0.447109 0.367122 0.067493 0.056889
13 0.412021 0.434328 0.070826 0.081544
13 0.477176 0.440117 0.056799 0.055878
13 0.530295 0.437594 0.044100 0.052856
13 0.323820 0.387011 0.061475 0.056378
13 0.348547 0.454711 0.054794 0.057889
