13 0.528754 0.501139 0.043319 0.041767
13 0.402279 0.469594 0.037537 0.048300
13 0.497279 0.454150 0.047360 0.045256
13 0.440973 0.456756 0.039853 0.050467
13 0.445015 0.516578 0.038702 0.047422
13 0.486018 0.506361 0.049086 0.047856
13 0.156342 0.379228 0.112566 0.075789
13 0.249749 0.376522 0.064661 0.054133
13 0.189867 0.304350 0.098201 0.068567
13 0.267117 0.308856 0.053879 0.063156
13 0.328193 0.302544 0.058687 0.064956
13 0.312021 0.368850 0.059882 0.053233
13 0.366541 0.361633 0.053938 0.060444
13 0.384484 0.299833 0.053894 0.055933
13 0.418606 0.360278 0.045501 0.054133
13 0.624285 0.337028 0.039277 0.040900
13 0.587891 0.340072 0.038112 0.037411
13 0.550037 0.342900 0.039897 0.042200
13 0.509934 0.349644 0.041578 0.042644
13 0.466615 0.353994 0.048510 0.052211
13 0.434558 0.297222 0.042153 0.057867
13 0.523791 0.292650 0.039263 0.054811
13 0.566239 0.290911 0.037552 0.050467
13 0.476895 0.301956 0.046209 0.061778
13 0.263097 0.553344 0.092979 0.071356
13 0.340767 0.545728 0.058909 0.055256
13 0.397942 0.530722 0.056593 0.054822
13 0.299764 0.484172 0.076224 0.053078
13 0.359823 0.472861 0.043894 0.058300
