7 0.504867 0.278928 0.068459 0.068456
7 0.561170 0.286978 0.039081 0.058400
5 0.757289 0.285311 0.030074 0.061289
5 0.787370 0.291889 0.026059 0.047378
1 0.704341 0.378867 0.045630 0.062044
1 0.752978 0.377733 0.048622 0.063556
1 0.796096 0.378300 0.033585 0.057156
1 0.831948 0.378867 0.035096 0.056778
1 0.695326 0.474906 0.033644 0.056122
1 0.730719 0.477517 0.034800 0.049167
1 0.821400 0.471339 0.023304 0.043700
1 0.793400 0.473156 0.024281 0.044422
1 0.764104 0.475944 0.029126 0.042244
1 0.700985 0.572011 0.042089 0.044422
1 0.739178 0.567156 0.033022 0.044911
1 0.764267 0.563633 0.018459 0.047089
1 0.787081 0.566789 0.025244 0.034956
1 0.825444 0.555500 0.036578 0.048311
0 0.506526 0.596539 0.053289 0.043544
0 0.555059 0.590361 0.040311 0.045500
0 0.591022 0.584839 0.029037 0.048100
0 0.625911 0.587433 0.037274 0.042244
0 0.660793 0.583211 0.031630 0.035089
0 0.657326 0.477911 0.041170 0.057844
0 0.616163 0.478728 0.040296 0.063367
0 0.565022 0.485717 0.063704 0.061100
0 0.503711 0.487339 0.057200 0.066300
0 0.504363 0.384961 0.057644 0.066300
0 0.561563 0.383828 0.048963 0.062722
0 0.654504 0.381389 0.045067 0.063044
0 0.609007 0.382528 0.042459 0.060767
