7 0.321830 0.349644 0.058237 0.106000
7 0.417356 0.374983 0.042711 0.058833
7 0.374252 0.364211 0.040385 0.072222
5 0.444726 0.457889 0.030874 0.050844
5 0.407111 0.453350 0.034844 0.065944
1 0.320222 0.562339 0.047644 0.068456
1 0.372578 0.556300 0.046311 0.071489
1 0.421837 0.558817 0.038933 0.053367
1 0.460807 0.556300 0.033496 0.050333
1 0.495733 0.554789 0.030874 0.052356
1 0.524941 0.549000 0.026178 0.048822
1 0.557793 0.546989 0.031615 0.047822
0 0.626956 0.278022 0.026178 0.079533
0 0.658844 0.282050 0.030874 0.079544
0 0.690052 0.288594 0.026178 0.073500
0 0.718244 0.290861 0.018119 0.075011
0 0.740726 0.294633 0.022815 0.070467
0 0.760859 0.294639 0.016119 0.064433
0 0.781674 0.302689 0.016089 0.064444
0 0.801133 0.303189 0.016104 0.059400
0 0.790726 0.376183 0.015437 0.042278
0 0.772941 0.378700 0.016104 0.039267
0 0.752133 0.375428 0.021481 0.046811
0 0.729319 0.368633 0.021481 0.050333
0 0.702133 0.367628 0.024830 0.054367
0 0.672933 0.367628 0.026844 0.055367
0 0.626281 0.364856 0.032889 0.060911
0 0.612778 0.441222 0.022978 0.046156
0 0.645711 0.442033 0.027304 0.042578
0 0.668681 0.440250 0.018637 0.040300
0 0.689911 0.439922 0.017778 0.041600
0 0.709844 0.437483 0.018622 0.038678
0 0.730422 0.439272 0.019067 0.039656
0 0.750793 0.439106 0.016459 0.036722
