0 0.479186 0.455685 0.014664 0.063345
0 0.376836 0.198248 0.043473 0.128036
0 0.418786 0.203303 0.032355 0.124667
0 0.450627 0.210382 0.029309 0.122655
0 0.478682 0.216782 0.025782 0.121976
0 0.506482 0.225206 0.019709 0.106485
0 0.569405 0.237339 0.018191 0.095697
0 0.549945 0.228576 0.018709 0.106485
0 0.527705 0.229582 0.020718 0.112545
0 0.381636 0.336400 0.036891 0.094352
0 0.419541 0.341115 0.033864 0.098400
0 0.449618 0.340776 0.025273 0.096364
0 0.475395 0.341788 0.022245 0.093006
0 0.501173 0.343812 0.025273 0.087600
0 0.526945 0.345830 0.022236 0.090303
0 0.570164 0.344152 0.019709 0.074800
0 0.548682 0.347515 0.020218 0.084242
0 0.552977 0.454673 0.021736 0.068061
0 0.534023 0.453679 0.014155 0.067358
0 0.379364 0.470164 0.030327 0.078848
0 0.408677 0.465448 0.024264 0.077491
0 0.432686 0.467133 0.019718 0.075479
0 0.515827 0.455679 0.015164 0.059309
0 0.497377 0.455345 0.018700 0.064024
0 0.456691 0.455679 0.025273 0.068739
7 0.139082 0.374812 0.050073 0.112776
7 0.079877 0.363533 0.065627 0.133515
7 0.022518 0.350448 0.045036 0.152461
5 0.131300 0.518703 0.053455 0.122691
5 0.181373 0.515097 0.045327 0.092012
1 0.030636 0.730267 0.061273 0.138036
1 0.095777 0.719436 0.067664 0.119988
1 0.155323 0.708158 0.048718 0.101042
1 0.205732 0.691018 0.049391 0.108267
1 0.252082 0.678842 0.044655 0.114582
1 0.293014 0.668467 0.033155 0.099236
1 0.324818 0.656285 0.029091 0.091115
