13 0.498622 0.583322 0.037126 0.036556
10 0.437852 0.368922 0.059793 0.074556
10 0.494548 0.380572 0.052030 0.048922
13 0.465030 0.479589 0.056696 0.055911
13 0.509689 0.483672 0.029511 0.043100
13 0.539585 0.486000 0.025630 0.036111
13 0.724652 0.488017 0.022459 0.028656
13 0.703333 0.487872 0.019407 0.030611
13 0.679896 0.487872 0.025837 0.029500
13 0.654615 0.487033 0.023215 0.031733
13 0.630274 0.487594 0.023215 0.030056
13 0.602563 0.486750 0.029215 0.032300
13 0.570356 0.478917 0.034459 0.046278
13 0.457437 0.584844 0.044089 0.040467
