0 0.880741 0.172467 0.050489 0.090867
0 0.874533 0.281094 0.055141 0.068144
0 0.827541 0.278478 0.037274 0.072222
0 0.824044 0.167811 0.059793 0.097844
0 0.771630 0.169556 0.040385 0.089689
0 0.733578 0.161400 0.032607 0.099022
0 0.882689 0.372244 0.038830 0.069889
0 0.881133 0.467478 0.031067 0.055333
0 0.850452 0.468639 0.030296 0.056500
0 0.837637 0.560972 0.038830 0.057056
0 0.881519 0.556006 0.042711 0.048344
0 0.788326 0.572611 0.030281 0.050089
0 0.785222 0.475339 0.034948 0.054744
7 0.710667 0.480872 0.038044 0.063478
5 0.518074 0.504172 0.039615 0.064656
1 0.549526 0.397289 0.043496 0.069889
1 0.593015 0.393794 0.046593 0.067567
1 0.576319 0.281967 0.042711 0.081533
1 0.522341 0.279906 0.059022 0.089078
1 0.675830 0.164728 0.062385 0.110722
5 0.707437 0.278678 0.046311 0.081556
7 0.621519 0.282200 0.043630 0.082556
