0 0.587500 0.204776 0.030182 0.085358
0 0.561555 0.214370 0.021709 0.078970
0 0.541955 0.214182 0.017491 0.090618
0 0.522636 0.225842 0.021145 0.080097
0 0.503882 0.224527 0.015800 0.082727
0 0.486818 0.227655 0.014727 0.082048
0 0.469450 0.232436 0.016991 0.075515
0 0.455295 0.234697 0.010573 0.074000
0 0.441700 0.236964 0.014345 0.076521
0 0.426791 0.241497 0.011709 0.067455
0 0.405268 0.245521 0.013209 0.061418
0 0.388659 0.247030 0.011700 0.066448
0 0.376764 0.249303 0.012836 0.058897
0 0.474441 0.409115 0.017482 0.044000
0 0.460764 0.406291 0.008745 0.030085
0 0.449482 0.404976 0.012691 0.034970
0 0.429314 0.403285 0.012973 0.034594
0 0.408873 0.402909 0.013255 0.035345
0 0.397591 0.401594 0.008745 0.030461
0 0.389268 0.399903 0.006209 0.029333
0 0.471764 0.477739 0.012691 0.042121
0 0.453709 0.473794 0.018891 0.044752
0 0.436650 0.470030 0.010155 0.038727
0 0.418177 0.467776 0.010991 0.044739
0 0.469791 0.558024 0.012691 0.051515
0 0.456673 0.554442 0.011836 0.051139
0 0.441582 0.549182 0.017200 0.052642
0 0.426495 0.545424 0.011845 0.048885
0 0.413523 0.539406 0.009591 0.047370
0 0.402664 0.537152 0.011564 0.042861
0 0.472468 0.638861 0.013536 0.052267
0 0.455541 0.635667 0.014100 0.054897
0 0.418177 0.615176 0.009864 0.053018
0 0.432418 0.620630 0.015236 0.058667
0 0.444827 0.627964 0.006764 0.057527
0 0.399000 0.686061 0.013818 0.060170
0 0.413805 0.693200 0.012973 0.057164
0 0.430727 0.702600 0.018055 0.060909
0 0.575823 0.780812 0.026791 0.072945
0 0.551432 0.766152 0.019173 0.070703
0 0.533100 0.759758 0.014673 0.069939
0 0.515191 0.750358 0.018891 0.069200
0 0.497850 0.741897 0.012973 0.065806
0 0.464286 0.722158 0.018045 0.069939
0 0.448214 0.712564 0.011845 0.063552
1 0.697191 0.296958 0.024618 0.065333
1 0.675377 0.299073 0.016573 0.063042
1 0.656364 0.299721 0.018527 0.065648
1 0.636868 0.299558 0.016573 0.065321
1 0.620536 0.303133 0.012673 0.061418
1 0.671477 0.413630 0.022918 0.070533
1 0.649541 0.413309 0.016082 0.063370
1 0.629918 0.411842 0.019255 0.063055
1 0.614682 0.410218 0.007800 0.062400
1 0.575200 0.405182 0.020473 0.052327
1 0.489645 0.400145 0.012673 0.044194
1 0.504636 0.401448 0.011455 0.046800
1 0.516091 0.402739 0.008527 0.052000
1 0.526082 0.403073 0.010000 0.046145
1 0.540464 0.401909 0.011945 0.049030
1 0.556309 0.405673 0.016818 0.051345
1 0.582755 0.499267 0.019982 0.063042
1 0.561550 0.490976 0.019500 0.054921
1 0.541805 0.482855 0.017064 0.061418
1 0.524864 0.479442 0.016327 0.058497
1 0.505609 0.479764 0.021200 0.057200
5 0.512623 0.572273 0.015227 0.050388
5 0.525595 0.578097 0.009027 0.050764
5 0.526018 0.670224 0.008745 0.037976
