4 0.428724 0.335317 0.071903 0.050678
4 0.503717 0.332700 0.073451 0.054756
4 0.577559 0.341433 0.060310 0.047756
4 0.633997 0.335611 0.041740 0.045422
4 0.628201 0.442783 0.033245 0.037278
4 0.578709 0.432294 0.042522 0.060567
4 0.511445 0.431133 0.073451 0.069889
4 0.432205 0.425311 0.081962 0.072222
4 0.419056 0.544706 0.052566 0.045433
4 0.471630 0.547622 0.054115 0.041933
4 0.530007 0.545294 0.047153 0.051256
4 0.567124 0.641100 0.051799 0.061156
4 0.622780 0.648967 0.034794 0.047756
4 0.507205 0.639356 0.057212 0.065822
4 0.431047 0.629456 0.084277 0.085622
4 0.594948 0.736622 0.075000 0.078622
4 0.518407 0.737206 0.076549 0.079789
4 0.432205 0.731089 0.086593 0.086200
3 0.581807 0.558978 0.042522 0.020378
3 0.624484 0.498350 0.032861 0.019944
3 0.624838 0.518717 0.033569 0.018544
3 0.626704 0.540061 0.035059 0.019656
3 0.623909 0.562111 0.039145 0.018822
3 0.583097 0.495406 0.041711 0.016856
3 0.583636 0.516328 0.045118 0.021633
3 0.585125 0.537817 0.045118 0.018544
