4 0.560619 0.326928 0.080413 0.057078
4 0.645288 0.329556 0.079631 0.057667
4 0.725273 0.330139 0.071195 0.054167
4 0.786770 0.335089 0.044071 0.050089
4 0.567965 0.425367 0.092006 0.102511
4 0.658038 0.407894 0.074218 0.018633
4 0.650310 0.428272 0.074218 0.015144
4 0.653783 0.444006 0.082729 0.015144
4 0.649152 0.463806 0.068805 0.020967
4 0.726460 0.440800 0.051799 0.064644
4 0.774012 0.453611 0.034012 0.041356
4 0.669255 0.568933 0.067271 0.055333
4 0.605465 0.570689 0.057212 0.047178
4 0.546704 0.567772 0.064941 0.053011
4 0.561010 0.664750 0.090457 0.097856
4 0.647603 0.675522 0.067271 0.079800
4 0.715251 0.678439 0.063392 0.068144
4 0.778650 0.687467 0.043289 0.050089
4 0.560236 0.782689 0.092006 0.097267
4 0.660361 0.784150 0.089690 0.086211
4 0.748886 0.787644 0.082729 0.085044
3 0.732264 0.581867 0.050251 0.020978
3 0.780383 0.585933 0.039853 0.021756
3 0.779521 0.561783 0.038127 0.022189
3 0.732456 0.558306 0.045619 0.022189
3 0.733606 0.535033 0.053702 0.022622
3 0.781829 0.537644 0.043894 0.022622
3 0.782987 0.513928 0.045059 0.021322
3 0.729277 0.512839 0.053127 0.023500
