13 0.481185 0.424783 0.034933 0.047767
13 0.516126 0.424783 0.031837 0.045433
13 0.712607 0.416339 0.017867 0.032033
13 0.550504 0.412900 0.034963 0.056800
13 0.584970 0.420183 0.032044 0.040300
13 0.615563 0.421156 0.027837 0.032044
13 0.641785 0.420911 0.023304 0.031067
13 0.691630 0.416056 0.021363 0.029622
13 0.668000 0.417883 0.026548 0.030344
13 0.430652 0.540067 0.045630 0.044000
13 0.473007 0.533483 0.038104 0.039100
10 0.400415 0.294606 0.066015 0.078633
10 0.464481 0.305094 0.057467 0.056500
13 0.432652 0.418372 0.059022 0.062900
