7 0.404941 0.409515 0.042373 0.107176
7 0.477241 0.430485 0.026209 0.065236
7 0.446218 0.422618 0.034073 0.086788
5 0.465550 0.522673 0.028064 0.077442
5 0.493123 0.531588 0.025773 0.065697
1 0.407305 0.661455 0.036227 0.087879
1 0.445482 0.653188 0.035564 0.083539
1 0.477786 0.653624 0.028391 0.070473
1 0.506505 0.649491 0.027736 0.070036
1 0.579268 0.636218 0.022518 0.058303
1 0.555773 0.640352 0.022509 0.063952
1 0.531955 0.643618 0.023818 0.073103
0 0.622632 0.310261 0.027736 0.093103
0 0.647923 0.314182 0.020882 0.090497
0 0.668968 0.314830 0.017300 0.083964
0 0.689200 0.324182 0.021218 0.089624
0 0.709105 0.324188 0.015336 0.080933
0 0.758050 0.332673 0.014027 0.077006
0 0.742059 0.331145 0.010773 0.075697
0 0.725750 0.328097 0.015336 0.081794
0 0.620673 0.411855 0.024473 0.070036
0 0.645150 0.413376 0.019900 0.066994
0 0.667173 0.415988 0.017618 0.068752
0 0.686100 0.414242 0.016309 0.065261
0 0.704045 0.415115 0.017618 0.063515
0 0.722482 0.419248 0.018600 0.063079
0 0.740264 0.420988 0.012400 0.055261
0 0.754300 0.420339 0.013055 0.060048
0 0.615455 0.509097 0.021218 0.060909
0 0.635850 0.506703 0.015664 0.056121
0 0.652327 0.503867 0.014036 0.057430
0 0.670109 0.505612 0.016964 0.052218
0 0.686750 0.501479 0.014355 0.048291
0 0.700945 0.502570 0.012727 0.049600
0 0.713836 0.503218 0.011745 0.052642
0 0.727541 0.503448 0.011755 0.046097
0 0.741095 0.503436 0.014009 0.053079
