10 0.501178 0.371983 0.064311 0.070078
10 0.560504 0.385483 0.049126 0.046256
13 0.525178 0.482167 0.050326 0.058622
13 0.566511 0.489578 0.028756 0.043800
13 0.556741 0.591944 0.033393 0.041933
13 0.595267 0.487894 0.028756 0.037744
13 0.625363 0.479811 0.029659 0.053911
13 0.655896 0.487044 0.029037 0.038356
13 0.683622 0.486883 0.024696 0.033478
13 0.704881 0.485417 0.018593 0.032500
13 0.770830 0.484444 0.017215 0.028644
13 0.751726 0.484583 0.020222 0.028367
13 0.729630 0.484867 0.023970 0.031178
13 0.516341 0.595728 0.047319 0.043678
