0 0.790782 0.314236 0.012836 0.076521
0 0.775114 0.310461 0.013973 0.081042
0 0.757936 0.309448 0.016600 0.078024
0 0.740000 0.304418 0.013964 0.081055
0 0.720559 0.301648 0.017373 0.085576
0 0.701118 0.299891 0.017745 0.085067
0 0.679973 0.296364 0.019255 0.087079
0 0.652218 0.290576 0.025673 0.088594
0 0.787386 0.403836 0.013591 0.059406
0 0.770768 0.399055 0.015100 0.055879
0 0.752836 0.398048 0.016236 0.059903
0 0.733582 0.401067 0.017745 0.057891
0 0.715273 0.397545 0.015855 0.068958
0 0.696018 0.394279 0.018127 0.066448
0 0.674877 0.394024 0.020391 0.066958
0 0.650523 0.390752 0.025300 0.076509
0 0.769909 0.485939 0.014655 0.040436
0 0.756514 0.483242 0.011118 0.048521
0 0.742614 0.487285 0.013645 0.053915
0 0.728209 0.484927 0.013145 0.047842
0 0.713555 0.483921 0.013145 0.055261
0 0.698391 0.487624 0.013145 0.053236
0 0.680955 0.484927 0.014655 0.051891
0 0.662000 0.485939 0.013145 0.049867
0 0.644059 0.488970 0.016682 0.057285
7 0.434809 0.378788 0.039927 0.109164
7 0.472968 0.395970 0.028300 0.082897
7 0.504055 0.404400 0.027800 0.076824
5 0.494705 0.501436 0.028300 0.084909
5 0.520986 0.505479 0.024264 0.066036
1 0.432932 0.634164 0.038591 0.083430
1 0.471236 0.627533 0.032164 0.084206
1 0.503986 0.633382 0.026318 0.063152
1 0.532055 0.626752 0.025145 0.067055
1 0.558173 0.622436 0.023127 0.061673
1 0.582568 0.619048 0.021155 0.056400
1 0.604986 0.617170 0.019173 0.061661
