10 0.484926 0.317017 0.058593 0.073522
10 0.543815 0.329411 0.056844 0.051333
13 0.515148 0.430178 0.051630 0.054822
13 0.558370 0.439750 0.031319 0.036544
13 0.589407 0.438439 0.028415 0.035678
13 0.621022 0.428000 0.032474 0.060044
13 0.652637 0.437333 0.027259 0.035289
13 0.681356 0.437356 0.024370 0.033511
13 0.773681 0.435267 0.020222 0.028933
13 0.753644 0.436244 0.019852 0.028089
13 0.730415 0.436106 0.025837 0.033433
13 0.705519 0.436383 0.023215 0.032300
13 0.509911 0.546222 0.045689 0.048667
13 0.551481 0.542139 0.034459 0.034833
