10 0.426044 0.319828 0.054370 0.069900
10 0.481578 0.332344 0.045822 0.047178
13 0.447793 0.430778 0.051259 0.061156
13 0.488563 0.442139 0.027170 0.038433
13 0.518074 0.440100 0.028741 0.041356
13 0.548356 0.433750 0.030281 0.051722
13 0.577874 0.440100 0.027185 0.034356
13 0.602333 0.438061 0.021733 0.032611
13 0.624074 0.438067 0.018637 0.030289
13 0.687763 0.437189 0.018637 0.033200
13 0.667896 0.437939 0.019496 0.027944
13 0.646230 0.438106 0.021230 0.028922
13 0.477067 0.540822 0.031081 0.038200
13 0.437007 0.541944 0.043852 0.044378
