10 0.443274 0.305139 0.066133 0.074833
10 0.502156 0.316011 0.050474 0.050467
13 0.475185 0.416733 0.052207 0.061356
13 0.517526 0.426739 0.029007 0.037856
13 0.548281 0.425433 0.030163 0.036111
13 0.580185 0.416517 0.031333 0.047856
13 0.612667 0.424133 0.031319 0.035244
13 0.639933 0.424561 0.020874 0.033500
13 0.663430 0.425656 0.022622 0.032200
13 0.730081 0.423539 0.017230 0.025300
13 0.709859 0.423556 0.020222 0.028089
13 0.687200 0.423272 0.022844 0.030900
13 0.512111 0.529306 0.035956 0.035678
13 0.470548 0.532533 0.042696 0.038200
