10 0.392881 0.274978 0.072222 0.072222
10 0.451911 0.284878 0.041156 0.050089
5 0.642030 0.277900 0.030726 0.060467
5 0.673333 0.283122 0.028444 0.044822
0 0.398956 0.381667 0.059748 0.067867
0 0.455230 0.378839 0.046993 0.065700
0 0.507726 0.377100 0.042919 0.057867
0 0.550363 0.374483 0.038859 0.056122
0 0.408822 0.483906 0.057437 0.059167
0 0.470022 0.480211 0.054533 0.052644
0 0.520778 0.475406 0.042356 0.057033
0 0.563704 0.470417 0.040030 0.053078
1 0.598481 0.372761 0.044815 0.054878
1 0.721393 0.365206 0.034222 0.052856
1 0.686830 0.369989 0.032207 0.052356
1 0.646370 0.367639 0.045837 0.061389
1 0.721207 0.457889 0.030741 0.040022
1 0.692785 0.462894 0.026104 0.045678
1 0.664067 0.468111 0.027837 0.041333
1 0.633904 0.469200 0.034800 0.043511
1 0.599963 0.465939 0.030741 0.056989
1 0.609652 0.559572 0.043511 0.046989
1 0.648230 0.555000 0.032489 0.047422
1 0.672881 0.555000 0.013348 0.036978
1 0.693474 0.553261 0.024370 0.036989
1 0.730889 0.536072 0.041185 0.052211
0 0.418252 0.593928 0.051200 0.045433
0 0.569326 0.573539 0.030296 0.037278
0 0.535548 0.577033 0.031067 0.039600
0 0.503311 0.577617 0.024074 0.047767
0 0.467207 0.587517 0.041941 0.046589
