4 0.645723 0.668511 0.071416 0.080311
4 0.569639 0.325039 0.076593 0.059256
4 0.652965 0.324650 0.079705 0.064722
4 0.731630 0.332056 0.054853 0.063933
4 0.796320 0.330494 0.049690 0.056144
4 0.790627 0.451356 0.052788 0.045222
4 0.730597 0.435761 0.052788 0.065500
4 0.657618 0.434983 0.076593 0.067056
4 0.572751 0.421333 0.089012 0.095911
4 0.547913 0.562461 0.055885 0.049122
4 0.673149 0.557006 0.062109 0.055367
4 0.610007 0.564028 0.064174 0.055367
4 0.710929 0.673189 0.063127 0.067844
4 0.768378 0.680594 0.047611 0.045233
4 0.553599 0.655256 0.094189 0.097467
4 0.554639 0.769483 0.092109 0.098256
4 0.651409 0.776111 0.089012 0.094356
4 0.737839 0.777283 0.079690 0.085767
3 0.735479 0.504922 0.050044 0.024044
3 0.736335 0.532872 0.053496 0.025344
3 0.733746 0.557406 0.051770 0.024367
3 0.733319 0.581622 0.051770 0.020800
3 0.781423 0.582756 0.042699 0.021778
3 0.782500 0.560978 0.044853 0.022422
3 0.784012 0.535633 0.040973 0.025022
3 0.781416 0.509794 0.043569 0.024056
