1 0.403400 0.662776 0.040345 0.085770
1 0.441995 0.652255 0.033336 0.084994
1 0.573868 0.635485 0.026900 0.059261
1 0.550477 0.637830 0.019882 0.057697
1 0.525623 0.644067 0.026318 0.073297
1 0.499305 0.649133 0.020464 0.066267
1 0.474159 0.658491 0.029827 0.069394
5 0.486368 0.529673 0.025336 0.063491
5 0.461250 0.523558 0.026645 0.079212
7 0.398877 0.409855 0.043973 0.107830
7 0.469127 0.431418 0.027800 0.063345
7 0.438045 0.422321 0.030327 0.082897
0 0.614314 0.303303 0.027409 0.088327
0 0.641886 0.307655 0.022518 0.085709
0 0.663423 0.311570 0.019900 0.086582
0 0.682509 0.314400 0.016964 0.080048
0 0.749568 0.320703 0.014027 0.073527
0 0.734718 0.318097 0.013709 0.079612
0 0.718568 0.318097 0.015991 0.080485
0 0.700768 0.316139 0.016991 0.083527
0 0.613877 0.404794 0.026082 0.069879
0 0.638495 0.405442 0.021209 0.066618
0 0.659214 0.407230 0.018282 0.068255
0 0.677132 0.408200 0.017064 0.064352
0 0.748059 0.408691 0.014136 0.055564
0 0.733436 0.410642 0.012673 0.058182
0 0.715645 0.408527 0.018036 0.061758
0 0.695532 0.407388 0.018282 0.065321
0 0.608641 0.503097 0.021445 0.053297
0 0.629477 0.499521 0.015845 0.053297
0 0.646905 0.499042 0.017064 0.052970
0 0.662995 0.494000 0.015118 0.049406
0 0.678227 0.494818 0.014382 0.051673
0 0.692364 0.494327 0.013891 0.052655
0 0.705041 0.492218 0.012427 0.053624
0 0.718564 0.490915 0.015600 0.051018
0 0.731364 0.490267 0.009018 0.051030
