7 0.579978 0.302739 0.064430 0.063433
7 0.631659 0.312556 0.036237 0.050844
5 0.804689 0.312072 0.026593 0.060389
5 0.832963 0.318106 0.026963 0.043811
1 0.868170 0.398861 0.027719 0.053078
1 0.836141 0.398022 0.032578 0.057578
1 0.797570 0.396472 0.040830 0.058989
1 0.757126 0.398722 0.041570 0.066844
0 0.574941 0.406739 0.052341 0.058900
0 0.625948 0.402711 0.042948 0.063933
0 0.670252 0.402717 0.036237 0.059900
0 0.710519 0.402461 0.042963 0.058389
0 0.711526 0.492572 0.034222 0.051344
0 0.672563 0.496344 0.036978 0.055867
0 0.628637 0.498356 0.048326 0.057889
0 0.573600 0.501378 0.056385 0.057889
0 0.575289 0.605722 0.051141 0.047000
0 0.717681 0.590678 0.033081 0.034222
0 0.682333 0.592744 0.035600 0.038356
0 0.651244 0.594439 0.024563 0.044744
0 0.619415 0.598011 0.035096 0.047378
1 0.752526 0.582444 0.034089 0.041356
1 0.826222 0.573606 0.019052 0.035722
1 0.860644 0.563672 0.042474 0.049567
1 0.785111 0.577183 0.032089 0.040611
1 0.808178 0.576428 0.014044 0.040611
