1 0.418791 0.605333 0.033636 0.087370
1 0.451768 0.606206 0.027955 0.071636
1 0.479291 0.603000 0.027091 0.075721
1 0.504845 0.593685 0.023145 0.071055
1 0.529745 0.588145 0.020527 0.065818
1 0.549182 0.587273 0.018345 0.064073
5 0.435605 0.476612 0.026209 0.083867
5 0.463345 0.480400 0.024018 0.066982
7 0.372050 0.365073 0.044118 0.107745
7 0.412236 0.373230 0.031891 0.082121
7 0.443468 0.380800 0.028827 0.066982
0 0.584132 0.257612 0.030573 0.094352
0 0.610777 0.261394 0.020100 0.087952
0 0.633055 0.267806 0.020091 0.082133
0 0.651836 0.271594 0.018345 0.080376
0 0.672373 0.275376 0.017473 0.087939
0 0.687877 0.277412 0.013536 0.080376
0 0.717364 0.279164 0.016600 0.074545
0 0.701859 0.280618 0.011791 0.083297
0 0.719259 0.370085 0.015791 0.060170
0 0.702623 0.368388 0.012409 0.059030
0 0.685559 0.364255 0.018900 0.065042
0 0.667368 0.364630 0.016918 0.065794
1 0.381877 0.613194 0.036700 0.083285
0 0.650450 0.365194 0.016918 0.074461
0 0.630850 0.363503 0.018900 0.073333
0 0.610259 0.359927 0.020591 0.069188
0 0.585864 0.356545 0.023691 0.070691
0 0.582905 0.458073 0.020591 0.057164
0 0.605041 0.454879 0.018609 0.060545
0 0.621968 0.451867 0.014100 0.052267
0 0.638464 0.452430 0.015509 0.054897
0 0.653973 0.451303 0.012127 0.055648
0 0.666945 0.452806 0.012127 0.054145
0 0.679777 0.449424 0.011282 0.051891
0 0.692186 0.449236 0.011282 0.051515
0 0.704877 0.449048 0.012973 0.049636
