10 0.414741 0.310217 0.062963 0.073967
10 0.474511 0.325356 0.053585 0.047178
13 0.446941 0.422339 0.054356 0.059411
13 0.491200 0.433400 0.032622 0.038444
13 0.521881 0.431950 0.028741 0.037856
13 0.702341 0.430200 0.020800 0.028600
13 0.681763 0.430528 0.016889 0.029256
13 0.660319 0.431017 0.026000 0.032833
13 0.635622 0.430039 0.022533 0.033478
13 0.612222 0.431178 0.024267 0.029244
13 0.584911 0.431178 0.029467 0.033156
13 0.553067 0.424517 0.033363 0.050367
13 0.446385 0.537111 0.042696 0.039044
13 0.485148 0.533744 0.034830 0.035667
