10 0.522852 0.389533 0.056815 0.072178
10 0.577600 0.399628 0.051200 0.053300
13 0.540370 0.498750 0.049393 0.061100
13 0.582400 0.504922 0.030341 0.039644
13 0.612733 0.505572 0.026000 0.038344
13 0.784659 0.499339 0.019719 0.027789
13 0.765815 0.500039 0.019481 0.028656
13 0.742963 0.502144 0.024711 0.031178
13 0.718593 0.502983 0.019407 0.028922
13 0.697459 0.502283 0.023600 0.032011
13 0.670496 0.503100 0.027333 0.033756
13 0.641096 0.496944 0.029215 0.049444
13 0.529815 0.610444 0.046119 0.046222
13 0.568674 0.606322 0.031600 0.039489
