7 0.469068 0.448885 0.026209 0.070473
5 0.460768 0.545339 0.025773 0.075721
5 0.485450 0.548836 0.022718 0.067564
0 0.614750 0.331291 0.024464 0.093782
0 0.639432 0.335661 0.024027 0.083879
0 0.662805 0.340321 0.021845 0.083867
0 0.682900 0.340321 0.016600 0.081539
0 0.699718 0.348473 0.014418 0.082715
7 0.438491 0.438982 0.033200 0.091442
0 0.716973 0.350806 0.020964 0.080376
0 0.750173 0.354879 0.017473 0.075721
0 0.734227 0.351679 0.011800 0.076303
0 0.613223 0.431764 0.027518 0.062897
7 0.397868 0.426461 0.044555 0.112994
0 0.746891 0.437297 0.015291 0.054158
0 0.730077 0.441085 0.013973 0.053588
0 0.712382 0.440212 0.015291 0.056497
0 0.695127 0.437588 0.015727 0.060582
0 0.677436 0.434679 0.017909 0.068727
0 0.658873 0.434097 0.018345 0.065236
0 0.637686 0.434679 0.018791 0.066400
0 0.608200 0.528158 0.022709 0.054158
0 0.627418 0.525824 0.016600 0.056497
0 0.644455 0.527279 0.013982 0.057079
0 0.661709 0.525830 0.017036 0.046012
0 0.677218 0.523206 0.013109 0.048933
0 0.692073 0.522624 0.012236 0.050097
0 0.705636 0.522042 0.012182 0.048933
0 0.732045 0.523024 0.013909 0.044667
0 0.718355 0.523448 0.012218 0.043818
1 0.399114 0.678988 0.034918 0.083527
1 0.435986 0.672024 0.035573 0.089624
1 0.469759 0.677030 0.028064 0.070909
1 0.497005 0.670291 0.025773 0.067006
1 0.523600 0.662018 0.024800 0.070485
1 0.548886 0.660715 0.022518 0.067879
1 0.572218 0.656800 0.020236 0.065261
