13 0.432215 0.533422 0.043333 0.038667
13 0.441163 0.419628 0.050326 0.057278
13 0.483044 0.428383 0.030326 0.035744
13 0.511859 0.428383 0.023837 0.035744
13 0.672837 0.427394 0.018207 0.029278
13 0.654637 0.425944 0.017333 0.030222
13 0.633837 0.426272 0.021659 0.030878
13 0.611956 0.426272 0.018637 0.028278
13 0.590941 0.425783 0.019926 0.032500
13 0.567970 0.427089 0.026874 0.033800
13 0.539370 0.422189 0.029467 0.047489
13 0.471215 0.528222 0.032059 0.039978
10 0.421630 0.306383 0.055704 0.070989
10 0.474852 0.320911 0.045644 0.051356
