7 0.359970 0.262306 0.086607 0.079389
7 0.429726 0.276739 0.048104 0.057744
5 0.667415 0.265194 0.041941 0.067567
5 0.705467 0.273056 0.032622 0.049511
1 0.610333 0.374400 0.059807 0.063489
1 0.721385 0.370617 0.038059 0.061744
1 0.764481 0.368283 0.038830 0.061744
0 0.366096 0.383722 0.071452 0.077467
0 0.436763 0.379644 0.063689 0.071644
0 0.496170 0.378478 0.053585 0.069311
0 0.549370 0.375861 0.052815 0.071056
0 0.377356 0.494094 0.083096 0.067567
0 0.451133 0.487683 0.064459 0.065233
0 0.508215 0.486233 0.049704 0.069311
0 0.560237 0.480989 0.051259 0.064644
0 0.378519 0.613489 0.060563 0.050089
0 0.435207 0.607961 0.052815 0.049500
0 0.482585 0.604172 0.035719 0.045433
0 0.523356 0.599517 0.039600 0.043100
0 0.563741 0.595928 0.039600 0.036300
1 0.754733 0.471244 0.031333 0.050467
1 0.719637 0.472117 0.030741 0.046989
1 0.686578 0.476467 0.033067 0.043511
1 0.648289 0.480389 0.037704 0.044378
1 0.608548 0.478422 0.041778 0.058733
1 0.613193 0.588500 0.049881 0.043933
1 0.717607 0.575883 0.031333 0.039589
1 0.658726 0.578928 0.038874 0.050033
1 0.689763 0.580672 0.019733 0.044811
1 0.671881 0.370083 0.057837 0.071167
