0 0.733505 0.372782 0.013591 0.073491
0 0.718405 0.371018 0.016609 0.077018
0 0.701036 0.369503 0.012836 0.075006
0 0.685182 0.367745 0.018873 0.071491
0 0.666495 0.363970 0.016991 0.079042
0 0.646859 0.361958 0.018500 0.081055
0 0.626095 0.358176 0.020009 0.084570
0 0.600045 0.353394 0.029073 0.094133
0 0.600045 0.450806 0.026800 0.068473
0 0.624964 0.454582 0.020018 0.065939
0 0.645541 0.459109 0.020391 0.062921
0 0.664414 0.457855 0.015100 0.059394
0 0.682164 0.457352 0.018127 0.058388
0 0.701418 0.459612 0.017364 0.057891
0 0.717464 0.459867 0.012455 0.055370
0 0.733700 0.457097 0.016236 0.056885
0 0.721664 0.542394 0.014618 0.045176
0 0.707159 0.542715 0.012918 0.045818
0 0.693386 0.540279 0.011209 0.048097
0 0.680836 0.543206 0.011945 0.042897
0 0.666941 0.544339 0.014864 0.047127
0 0.651100 0.544994 0.014873 0.049721
0 0.634523 0.549382 0.015355 0.048097
0 0.618073 0.548242 0.016091 0.050376
0 0.598205 0.546297 0.021209 0.055576
7 0.383259 0.459618 0.042664 0.108739
7 0.456877 0.477236 0.029827 0.062424
7 0.424791 0.468927 0.030582 0.084061
5 0.447255 0.571873 0.028691 0.080545
5 0.474059 0.576909 0.023409 0.068461
1 0.388545 0.712570 0.040400 0.081042
1 0.563159 0.685388 0.018882 0.059915
1 0.540695 0.691176 0.023791 0.060412
1 0.516532 0.694194 0.023791 0.064436
1 0.489164 0.700491 0.025673 0.069976
1 0.461786 0.705776 0.029827 0.065442
1 0.428000 0.704267 0.035491 0.083564
