1 0.564655 0.657782 0.025782 0.067394
7 0.468877 0.417806 0.041445 0.107830
7 0.535341 0.443448 0.026791 0.070024
7 0.506532 0.433679 0.030827 0.085515
5 0.526995 0.534121 0.026282 0.080194
5 0.552268 0.537158 0.024264 0.066048
1 0.468118 0.667558 0.035891 0.089636
1 0.504759 0.660485 0.033355 0.090303
1 0.536605 0.663509 0.028300 0.074800
1 0.591945 0.655764 0.025782 0.062000
1 0.617723 0.652061 0.020718 0.073455
1 0.639205 0.644309 0.020209 0.064691
0 0.683032 0.312533 0.027955 0.088533
0 0.709895 0.319818 0.021409 0.084461
0 0.732173 0.321273 0.019655 0.088533
0 0.752045 0.325345 0.016600 0.090861
0 0.771468 0.326806 0.018827 0.083285
0 0.790468 0.328842 0.018391 0.080376
0 0.825000 0.330588 0.013109 0.078048
0 0.809709 0.329721 0.016600 0.084461
0 0.821505 0.421745 0.015718 0.064655
0 0.805777 0.423491 0.013973 0.062327
0 0.787650 0.419709 0.018791 0.062909
0 0.767991 0.419418 0.017036 0.065818
0 0.748773 0.420291 0.017036 0.060582
0 0.680845 0.416212 0.027964 0.072230
0 0.707273 0.418545 0.021400 0.066400
0 0.728895 0.418545 0.020973 0.069891
0 0.676182 0.512945 0.022673 0.054594
0 0.697386 0.512618 0.016827 0.055248
0 0.715059 0.511000 0.017555 0.050703
0 0.804877 0.508073 0.013900 0.048752
0 0.790741 0.505800 0.012918 0.050703
0 0.778309 0.507261 0.015364 0.051030
0 0.763077 0.507261 0.013645 0.053624
0 0.748573 0.508558 0.014873 0.052970
0 0.732241 0.508236 0.015355 0.054267
