4 0.587566 0.303033 0.111298 0.025156
4 0.468842 0.400844 0.129838 0.142533
4 0.588488 0.407833 0.090900 0.117378
4 0.700715 0.430894 0.085324 0.068478
4 0.681239 0.367306 0.068643 0.053100
4 0.575501 0.266000 0.098319 0.037733
4 0.582928 0.336567 0.105737 0.030733
4 0.688658 0.268094 0.105723 0.027944
4 0.685878 0.304428 0.074204 0.027944
4 0.698857 0.330978 0.107596 0.013978
4 0.329513 0.581400 0.160472 0.149756
4 0.469742 0.585011 0.114971 0.120889
4 0.579919 0.590428 0.091018 0.106456
4 0.681055 0.611628 0.082758 0.056833
4 0.675007 0.553433 0.087419 0.054133
4 0.567227 0.492539 0.089823 0.026167
4 0.573931 0.522761 0.079041 0.021656
4 0.683451 0.511939 0.082743 0.021656
4 0.678665 0.484422 0.085147 0.031578
4 0.337279 0.746794 0.148009 0.152056
4 0.476497 0.754978 0.111785 0.124756
4 0.589830 0.780711 0.085914 0.079533
4 0.680878 0.675450 0.077684 0.051456
4 0.677810 0.776033 0.065206 0.070178
4 0.623473 0.931589 0.076593 0.058489
4 0.545841 0.930417 0.078673 0.074856
3 0.309270 0.864700 0.063407 0.047178
3 0.312360 0.905183 0.069587 0.029122
3 0.317006 0.933717 0.069587 0.029122
3 0.316622 0.965172 0.062625 0.025633
3 0.390457 0.958767 0.074218 0.026800
3 0.386586 0.857417 0.078864 0.051256
3 0.390066 0.897028 0.075000 0.026789
3 0.391232 0.927317 0.075767 0.029122
3 0.463916 0.956439 0.066475 0.031456
3 0.465059 0.921194 0.073451 0.032033
3 0.463901 0.887706 0.071136 0.026789
4 0.588768 0.700006 0.094145 0.044433
4 0.316733 0.153506 0.185501 0.170478
4 0.480907 0.167478 0.135413 0.142533
4 0.604255 0.170972 0.103879 0.138344
4 0.697935 0.190539 0.076047 0.093633
4 0.701645 0.102500 0.068628 0.079644
4 0.315811 0.379883 0.165103 0.173278
