5 0.106370 0.388361 0.074074 0.119567
5 0.190926 0.383556 0.082148 0.117111
1 0.344837 0.702889 0.115511 0.107511
1 0.441563 0.708628 0.080726 0.123167
1 0.520896 0.715933 0.075156 0.125267
1 0.600926 0.720633 0.087689 0.128400
1 0.690696 0.728983 0.089067 0.124211
1 0.899467 0.738378 0.083496 0.128400
1 0.797170 0.725328 0.101600 0.146144
1 0.279341 0.379850 0.087867 0.116967
1 0.353889 0.390256 0.066800 0.125267
1 0.417911 0.384517 0.061244 0.126300
1 0.485415 0.387128 0.070978 0.127344
1 0.557785 0.377211 0.070978 0.126311
1 0.635030 0.380861 0.072370 0.129433
1 0.718533 0.386606 0.055674 0.107522
1 0.778385 0.394433 0.047319 0.110644
1 0.850756 0.394956 0.089067 0.111689
1 0.939133 0.387122 0.068193 0.108556
5 0.456674 0.557472 0.066533 0.092011
5 0.388578 0.556694 0.063407 0.090456
5 0.322556 0.551233 0.064459 0.088889
5 0.262778 0.551239 0.053022 0.082656
5 0.205081 0.543439 0.062370 0.099811
5 0.138022 0.543439 0.073822 0.092011
5 0.076689 0.545000 0.044696 0.088889
5 0.027170 0.541489 0.054341 0.105267
