13 0.450747 0.848573 0.157253 0.043127
13 0.364152 0.682709 0.117798 0.045436
13 0.631202 0.843177 0.170727 0.045827
13 0.640182 0.877545 0.164727 0.022909
13 0.643182 0.895405 0.152747 0.016845
13 0.640939 0.912255 0.148263 0.016855
13 0.635687 0.930114 0.146768 0.013482
13 0.453747 0.880582 0.172222 0.011455
13 0.454485 0.897427 0.158747 0.022236
13 0.461970 0.914614 0.173717 0.013482
13 0.460485 0.930114 0.158747 0.014827
13 0.265051 0.848909 0.160242 0.042455
13 0.264303 0.877550 0.161737 0.017518
13 0.268788 0.896418 0.146747 0.020218
13 0.271040 0.915959 0.145273 0.022918
13 0.083838 0.848573 0.157253 0.032345
13 0.087222 0.876873 0.174444 0.018873
13 0.083475 0.892714 0.166949 0.015500
13 0.087586 0.911577 0.155737 0.016845
13 0.093212 0.926405 0.186424 0.007409
13 0.062202 0.266668 0.113899 0.084118
13 0.198848 0.270573 0.159394 0.095200
13 0.356525 0.272523 0.149010 0.095827
13 0.347869 0.355523 0.159414 0.090445
13 0.187586 0.363345 0.157677 0.084327
13 0.052636 0.355214 0.105273 0.086555
13 0.343525 0.493964 0.143818 0.086473
13 0.336596 0.579345 0.140343 0.087255
13 0.192778 0.584023 0.143818 0.078045
13 0.196242 0.489677 0.133414 0.085845
13 0.066505 0.489250 0.133010 0.084991
13 0.060434 0.576227 0.120869 0.085691
13 0.365192 0.753836 0.135152 0.089309
13 0.231485 0.751436 0.139778 0.078055
13 0.093636 0.751436 0.120364 0.081545
13 0.114343 0.681250 0.122949 0.043682
13 0.242485 0.684168 0.125535 0.042518
