2 0.338525 0.720241 0.148404 0.133518
2 0.886535 0.792805 0.226364 0.143900
2 0.661273 0.810455 0.220525 0.128109
2 0.404657 0.841132 0.304747 0.102845
2 0.166081 0.856914 0.168404 0.119991
2 0.174101 0.728359 0.180444 0.124500
2 0.486848 0.717082 0.120283 0.132618
2 0.647242 0.695000 0.204505 0.090182
2 0.162444 0.396418 0.201293 0.155800
2 0.167818 0.541350 0.190545 0.141300
2 0.432182 0.541350 0.327434 0.126809
2 0.730091 0.535300 0.230808 0.124418
2 0.687162 0.404268 0.230808 0.111118
2 0.353010 0.393400 0.169091 0.144927
2 0.505990 0.390986 0.115414 0.152173
2 0.905303 0.407895 0.184020 0.125609
2 0.928707 0.531686 0.139556 0.112318
2 0.474313 0.151745 0.171657 0.205636
2 0.650596 0.156436 0.162364 0.206691
2 0.835010 0.158532 0.201818 0.206682
2 0.965636 0.171582 0.068727 0.203545
