4 0.433068 0.648467 0.034749 0.023156
4 0.519270 0.648972 0.037419 0.024167
4 0.506910 0.572206 0.054115 0.028700
4 0.444764 0.573717 0.055457 0.023656
4 0.442426 0.541750 0.052109 0.010078
4 0.444100 0.553833 0.054130 0.010067
4 0.500900 0.551061 0.055457 0.010567
4 0.562367 0.552828 0.052788 0.012078
4 0.393319 0.647967 0.036755 0.024156
4 0.319476 0.573461 0.056121 0.024167
4 0.378945 0.571450 0.054794 0.025167
4 0.476504 0.647467 0.038761 0.019133
4 0.600184 0.646667 0.036209 0.022667
4 0.558363 0.647967 0.030059 0.023156
4 0.315133 0.510039 0.059469 0.025167
4 0.372264 0.509533 0.053466 0.024156
4 0.432072 0.510539 0.055472 0.028189
4 0.487529 0.510289 0.056799 0.027689
4 0.544336 0.510289 0.054130 0.024667
4 0.598791 0.512300 0.056136 0.025667
4 0.563378 0.573717 0.053451 0.025678
