2 0.370467 0.217583 0.132044 0.106278
2 0.251304 0.747789 0.125600 0.108689
2 0.381741 0.751411 0.132044 0.106289
2 0.518622 0.736922 0.135259 0.120778
2 0.244867 0.536433 0.135274 0.106289
2 0.381741 0.527978 0.135274 0.123200
2 0.507348 0.215778 0.135259 0.107489
2 0.510570 0.326889 0.122385 0.105067
2 0.243252 0.662039 0.125615 0.053144
2 0.644230 0.217589 0.132044 0.113533
2 0.643422 0.328700 0.133659 0.106289
2 0.374496 0.328100 0.127215 0.107489
2 0.238422 0.331117 0.132044 0.106278
2 0.238430 0.219072 0.138489 0.108144
2 0.322644 0.132950 0.091659 0.056611
2 0.378526 0.667472 0.144933 0.054344
