0 0.226993 0.594400 0.059585 0.107489
0 0.094941 0.412033 0.098237 0.136467
0 0.186733 0.421694 0.082119 0.117144
0 0.253556 0.419883 0.054756 0.118367
0 0.310726 0.416261 0.062815 0.125611
0 0.372726 0.415056 0.061185 0.128022
0 0.434726 0.429550 0.049926 0.115944
0 0.487059 0.422906 0.054741 0.121989
0 0.549052 0.425322 0.069244 0.117156
0 0.100578 0.596822 0.080504 0.117156
0 0.170630 0.593194 0.049911 0.119567
0 0.310756 0.596317 0.042074 0.084544
0 0.345059 0.596106 0.022830 0.085100
0 0.553126 0.585039 0.048326 0.068967
0 0.511844 0.589822 0.030207 0.069467
0 0.480970 0.589322 0.034237 0.069467
0 0.447748 0.592089 0.033570 0.070978
0 0.414193 0.592344 0.036237 0.075511
0 0.377615 0.592089 0.036919 0.084067
1 0.094096 0.757106 0.089941 0.131389
1 0.182363 0.747033 0.078533 0.123333
1 0.251496 0.747789 0.046311 0.099667
1 0.306200 0.741494 0.055037 0.098167
1 0.366267 0.736217 0.051674 0.100678
1 0.419289 0.728911 0.046311 0.096156
1 0.468289 0.723628 0.053022 0.088589
1 0.516615 0.726644 0.040933 0.075511
1 0.556548 0.722117 0.032207 0.074500
5 0.304674 0.912011 0.080874 0.096978
5 0.375215 0.899211 0.065600 0.090244
