4 0.197215 0.642750 0.164800 0.100144
4 0.351785 0.640950 0.137141 0.074878
4 0.722874 0.620644 0.239378 0.092022
4 0.496126 0.629667 0.153970 0.066756
4 0.698215 0.526367 0.255007 0.033378
4 0.709644 0.555689 0.232148 0.019844
4 0.484104 0.556589 0.129926 0.018044
4 0.323519 0.561556 0.150356 0.026156
4 0.346370 0.584561 0.138341 0.023456
4 0.414941 0.756422 0.220133 0.067667
4 0.403504 0.866039 0.190059 0.066767
3 0.628452 0.758228 0.144341 0.051433
3 0.629052 0.807400 0.140741 0.037889
3 0.613415 0.838972 0.119096 0.034278
3 0.613415 0.875511 0.107067 0.022556
3 0.770393 0.754167 0.129911 0.057733
3 0.764378 0.807844 0.113081 0.033378
3 0.739719 0.842578 0.114281 0.027067
3 0.728889 0.874156 0.114281 0.030667
