4 0.256333 0.601172 0.062000 0.013478
3 0.246452 0.526383 0.040430 0.012100
3 0.248696 0.507506 0.046726 0.021567
3 0.250496 0.481894 0.048519 0.021567
3 0.305304 0.460333 0.055704 0.016178
3 0.258133 0.455272 0.033244 0.023589
4 0.347993 0.512561 0.051215 0.054589
4 0.396956 0.513906 0.043126 0.055944
4 0.447274 0.517278 0.050311 0.053244
4 0.318778 0.637228 0.048519 0.031678
4 0.249148 0.632178 0.053022 0.035044
4 0.256341 0.573206 0.049422 0.015500
4 0.257237 0.588039 0.056607 0.015500
3 0.298119 0.483239 0.041333 0.021567
3 0.295874 0.506156 0.045822 0.021556
3 0.297222 0.524350 0.053911 0.014833
