0 0.401333 0.610333 0.043259 0.084222
7 0.392378 0.244678 0.043126 0.074133
7 0.355533 0.246367 0.023363 0.074800
7 0.434163 0.252367 0.038637 0.070089
7 0.464704 0.257483 0.024252 0.063344
0 0.334778 0.364028 0.071896 0.099744
0 0.341067 0.496789 0.071881 0.091644
0 0.399022 0.494767 0.042222 0.086267
0 0.396326 0.366389 0.047615 0.090978
0 0.443504 0.369422 0.044933 0.088956
0 0.487526 0.367061 0.046726 0.093678
0 0.533800 0.366389 0.042237 0.089622
0 0.575133 0.366050 0.035037 0.082211
0 0.605681 0.366389 0.026059 0.074800
0 0.607489 0.477922 0.051215 0.076822
0 0.444852 0.490389 0.047630 0.093667
0 0.491570 0.488028 0.042222 0.083567
0 0.529748 0.483311 0.035911 0.079511
0 0.565222 0.477922 0.029704 0.084911
0 0.350948 0.621461 0.062904 0.082211
0 0.449378 0.605289 0.042163 0.076822
0 0.490674 0.600233 0.044015 0.077489
0 0.524815 0.593161 0.027852 0.079522
0 0.559407 0.588100 0.041333 0.078844
0 0.598044 0.575972 0.035941 0.081544
0 0.351400 0.714794 0.054800 0.062678
0 0.399926 0.706372 0.038637 0.066033
0 0.444400 0.697611 0.044919 0.062000
0 0.485733 0.683794 0.037748 0.065367
0 0.519881 0.679417 0.030548 0.059300
0 0.553119 0.673356 0.039541 0.062000
0 0.588615 0.666950 0.029644 0.050544
0 0.621407 0.659539 0.035941 0.053233
0 0.377911 0.815206 0.046726 0.062678
0 0.422830 0.804089 0.041333 0.056600
0 0.461022 0.787911 0.031437 0.062000
0 0.493822 0.782522 0.030548 0.057956
0 0.526163 0.771739 0.030548 0.059300
0 0.562104 0.759611 0.041333 0.048511
0 0.596696 0.752194 0.027852 0.052567
0 0.622311 0.748833 0.016178 0.053911
0 0.644770 0.736367 0.025156 0.055933
1 0.026667 0.618683 0.051526 0.080922
1 0.081748 0.605494 0.054815 0.077500
1 0.135659 0.601111 0.049422 0.078178
1 0.181933 0.600100 0.037733 0.070756
1 0.214281 0.597400 0.026963 0.055933
1 0.252022 0.592350 0.041319 0.060656
1 0.293807 0.585244 0.038637 0.061378
1 0.062726 0.883989 0.074578 0.109156
1 0.127696 0.865500 0.060163 0.099222
1 0.192667 0.852867 0.065037 0.093822
1 0.255793 0.825800 0.068563 0.090222
1 0.317741 0.814522 0.055333 0.096533
7 0.303259 0.232556 0.076444 0.089556
