13 0.227949 0.639336 0.108343 0.029255
13 0.044141 0.363918 0.088283 0.030709
13 0.068758 0.395123 0.137515 0.029700
13 0.069273 0.418786 0.132000 0.015609
13 0.198475 0.415514 0.112990 0.018118
13 0.149253 0.366432 0.117455 0.029700
13 0.260566 0.368445 0.102909 0.027691
13 0.352293 0.361418 0.076061 0.041745
13 0.420535 0.362418 0.055939 0.039745
13 0.197354 0.393364 0.110747 0.022145
13 0.308657 0.415509 0.105152 0.016109
13 0.308667 0.394373 0.100687 0.024164
13 0.394242 0.402173 0.063758 0.039764
13 0.458000 0.401168 0.068242 0.037755
13 0.523444 0.399909 0.060424 0.041273
13 0.581081 0.401673 0.045919 0.039764
13 0.636424 0.398900 0.060404 0.037255
13 0.598394 0.361150 0.058162 0.036245
13 0.539667 0.359641 0.054808 0.039264
13 0.479263 0.359636 0.059293 0.040273
13 0.583182 0.469832 0.059293 0.035736
13 0.623444 0.506073 0.066000 0.036745
13 0.507121 0.512618 0.066000 0.039764
13 0.565283 0.508841 0.048101 0.041282
13 0.522768 0.469582 0.057051 0.035236
13 0.462414 0.472114 0.056949 0.038227
13 0.338202 0.477882 0.079434 0.046818
13 0.380707 0.521432 0.061535 0.044300
13 0.443909 0.517655 0.064869 0.039764
13 0.406434 0.474614 0.052586 0.047318
13 0.063111 0.524450 0.126222 0.041282
13 0.064788 0.554150 0.129576 0.018118
13 0.194444 0.545591 0.114101 0.017109
13 0.187182 0.515891 0.115212 0.040273
13 0.304636 0.540055 0.099576 0.014091
13 0.294596 0.515655 0.095051 0.029673
13 0.610000 0.601573 0.053455 0.039327
13 0.556202 0.610355 0.057051 0.036745
13 0.499505 0.614409 0.060667 0.039000
13 0.439202 0.619286 0.061394 0.037700
13 0.566657 0.566632 0.054889 0.027300
13 0.509606 0.573459 0.054889 0.031845
13 0.454364 0.576873 0.052727 0.034127
13 0.400556 0.582950 0.053434 0.035227
13 0.376364 0.629586 0.062828 0.038355
13 0.317141 0.636086 0.057071 0.039645
13 0.337727 0.589127 0.070768 0.038673
13 0.126838 0.657695 0.108343 0.021773
13 0.074485 0.627309 0.120606 0.020800
13 0.190030 0.614800 0.107616 0.018527
13 0.075566 0.731145 0.122768 0.015927
13 0.705960 0.645841 0.083556 0.017300
13 0.714727 0.661445 0.057657 0.008655
13 0.714737 0.672541 0.064343 0.009027
13 0.712646 0.682314 0.056808 0.007518
13 0.712232 0.691350 0.059333 0.005245
13 0.637020 0.654791 0.072707 0.023691
13 0.634929 0.671714 0.065172 0.013918
13 0.645798 0.683559 0.076889 0.009027
13 0.642040 0.692018 0.066020 0.010145
13 0.642030 0.702918 0.069354 0.009400
13 0.074242 0.752745 0.123677 0.018800
13 0.073404 0.773614 0.120343 0.012409
13 0.076333 0.792605 0.124505 0.021809
13 0.561364 0.667564 0.077192 0.016109
13 0.568081 0.682164 0.070465 0.011073
13 0.566404 0.692986 0.067111 0.012591
13 0.567525 0.705318 0.069354 0.011073
13 0.568636 0.716391 0.067131 0.008055
13 0.476909 0.676877 0.085010 0.018627
13 0.490424 0.694241 0.074949 0.015100
13 0.481384 0.707391 0.080545 0.010964
13 0.481434 0.719427 0.060323 0.012055
13 0.390424 0.690286 0.094222 0.018045
13 0.392424 0.710136 0.082182 0.016236
13 0.394424 0.722764 0.078182 0.012636
13 0.397434 0.739005 0.088202 0.009027
13 0.287172 0.702014 0.084202 0.032482
13 0.201960 0.722764 0.094222 0.014436
13 0.184919 0.742159 0.076182 0.022555
13 0.202970 0.764264 0.112283 0.021655
13 0.299202 0.734491 0.080182 0.030673
13 0.301202 0.758850 0.088222 0.018045
