4 0.252741 0.570783 0.050311 0.018189
3 0.297333 0.455800 0.052148 0.020311
3 0.292822 0.478544 0.043126 0.023689
3 0.243681 0.476667 0.048133 0.023689
3 0.246696 0.500167 0.047141 0.024067
3 0.293822 0.502617 0.043111 0.021433
3 0.295333 0.521039 0.044119 0.012411
3 0.249207 0.518783 0.047126 0.010144
4 0.342956 0.505433 0.055156 0.055644
4 0.399111 0.507878 0.057156 0.057533
4 0.449496 0.512200 0.039615 0.055644
4 0.317437 0.629078 0.061096 0.037733
4 0.240615 0.628739 0.056607 0.039767
4 0.250941 0.597406 0.043126 0.009433
3 0.249452 0.452600 0.035585 0.025200
