1 0.216374 0.648700 0.074364 0.095509
5 0.110646 0.379059 0.145253 0.099064
5 0.227455 0.378723 0.085374 0.106482
5 0.311323 0.380073 0.082364 0.102436
5 0.398172 0.389150 0.082364 0.074845
5 0.476798 0.392523 0.074889 0.072136
1 0.121879 0.511482 0.158747 0.117255
1 0.265646 0.505418 0.104828 0.110527
1 0.375707 0.496995 0.103333 0.112536
1 0.477556 0.492950 0.094343 0.113882
1 0.567404 0.490591 0.088343 0.105127
1 0.646030 0.487223 0.059899 0.102427
1 0.714818 0.482873 0.066848 0.094000
1 0.790030 0.478923 0.080222 0.088373
1 0.111919 0.667314 0.126182 0.093627
1 0.294091 0.640991 0.086081 0.089873
1 0.779202 0.586682 0.051737 0.069182
1 0.721081 0.591164 0.059333 0.066182
1 0.657192 0.599077 0.058545 0.071482
1 0.586970 0.607714 0.075192 0.073700
1 0.518030 0.615986 0.067697 0.075209
1 0.448717 0.624991 0.069434 0.081255
1 0.376808 0.632155 0.071030 0.086491
1 0.093697 0.828805 0.108323 0.078645
1 0.201737 0.810932 0.104727 0.078645
1 0.288364 0.791123 0.071556 0.081209
1 0.365283 0.777309 0.077919 0.080236
1 0.437172 0.764959 0.068606 0.074391
1 0.506505 0.752109 0.070061 0.072800
1 0.574040 0.746423 0.057778 0.058827
1 0.633253 0.733436 0.056323 0.062109
1 0.684131 0.725945 0.046889 0.054927
1 0.730030 0.717677 0.041879 0.061718
1 0.775859 0.709368 0.046869 0.050373
