13 0.486496 0.271289 0.051037 0.046556
13 0.273600 0.272806 0.054519 0.058300
13 0.323200 0.280206 0.042341 0.043500
13 0.371348 0.279122 0.046993 0.046556
13 0.279978 0.216033 0.039452 0.040467
13 0.321459 0.232783 0.041200 0.047856
13 0.370474 0.231478 0.052207 0.047867
13 0.428200 0.265650 0.063215 0.062256
13 0.430807 0.201678 0.058000 0.065689
13 0.486207 0.219300 0.050459 0.055689
13 0.538126 0.269117 0.047570 0.050033
13 0.539000 0.217339 0.045822 0.049167
13 0.590319 0.212061 0.059304 0.056611
13 0.643785 0.211728 0.049407 0.058633
13 0.644237 0.263278 0.044919 0.045822
13 0.588526 0.265639 0.052104 0.049189
13 0.699044 0.260589 0.061111 0.053911
13 0.701289 0.201956 0.060207 0.055267
13 0.765985 0.198250 0.069185 0.057278
13 0.764644 0.254856 0.059304 0.051889
13 0.281674 0.388967 0.056622 0.068067
13 0.378719 0.404467 0.042237 0.051889
13 0.434430 0.390311 0.060207 0.076156
13 0.333341 0.404467 0.046711 0.051889
13 0.333341 0.349878 0.048519 0.055933
13 0.379163 0.349878 0.043126 0.051889
13 0.491489 0.401428 0.053911 0.052567
13 0.539104 0.402106 0.043126 0.055256
13 0.591222 0.401767 0.061111 0.059978
13 0.649622 0.402106 0.053911 0.059300
13 0.646030 0.346844 0.052119 0.051222
13 0.593022 0.348528 0.057511 0.054589
13 0.542696 0.350217 0.055704 0.059300
13 0.491037 0.347178 0.053007 0.055933
13 0.707133 0.399411 0.057496 0.057956
13 0.762837 0.397056 0.053911 0.051889
13 0.765089 0.341117 0.056607 0.050544
13 0.702637 0.342806 0.061096 0.052567
13 0.834363 0.339028 0.068281 0.063344
13 0.832119 0.397661 0.067378 0.056611
