3 0.681074 0.772350 0.124904 0.047167
3 0.773630 0.878489 0.110519 0.027622
3 0.664000 0.887250 0.105126 0.023589
3 0.807319 0.772344 0.107822 0.049867
3 0.681074 0.816150 0.117704 0.033700
3 0.677933 0.851867 0.111422 0.026956
3 0.789348 0.848839 0.106015 0.030322
3 0.801030 0.815478 0.113230 0.029644
4 0.494089 0.770228 0.194874 0.062256
4 0.477244 0.882544 0.230963 0.055933
4 0.776770 0.646628 0.247793 0.091122
4 0.577089 0.658811 0.166000 0.064956
4 0.400259 0.666928 0.168400 0.072167
4 0.253511 0.669183 0.110667 0.076678
4 0.739481 0.550550 0.221333 0.025256
4 0.751504 0.580772 0.230948 0.035189
4 0.516941 0.537467 0.117881 0.038800
4 0.412289 0.589339 0.129911 0.012633
4 0.422519 0.611444 0.164800 0.022556
