13 0.632182 0.773732 0.078303 0.017118
13 0.634980 0.786564 0.077192 0.009564
13 0.624879 0.796136 0.072788 0.009545
13 0.558192 0.682632 0.063859 0.043100
13 0.436404 0.784091 0.096242 0.015091
13 0.725354 0.762636 0.081899 0.008273
13 0.725768 0.750977 0.079374 0.012791
13 0.543242 0.771464 0.083899 0.010564
13 0.437535 0.818027 0.096202 0.017109
13 0.180828 0.406050 0.121293 0.035864
13 0.231071 0.439582 0.117818 0.032745
13 0.430818 0.761950 0.098444 0.024155
13 0.054030 0.407209 0.108061 0.031945
13 0.081192 0.438414 0.154222 0.030409
13 0.082929 0.462968 0.147273 0.017155
13 0.229343 0.462191 0.110889 0.015600
13 0.359303 0.462195 0.110889 0.017155
13 0.427909 0.576500 0.073838 0.045000
13 0.391556 0.529182 0.081657 0.048327
13 0.330030 0.573227 0.115212 0.028691
13 0.434172 0.798645 0.091737 0.019636
13 0.333394 0.595627 0.104040 0.011073
13 0.286960 0.540505 0.109636 0.032718
13 0.162788 0.545795 0.120808 0.031209
13 0.203626 0.578009 0.115212 0.029200
13 0.209212 0.601418 0.124162 0.010564
13 0.047273 0.546045 0.094545 0.035745
13 0.067141 0.583545 0.130889 0.033218
13 0.068828 0.606705 0.132000 0.015100
13 0.122030 0.675095 0.122000 0.032336
13 0.124960 0.703673 0.109475 0.020309
13 0.127889 0.725295 0.103616 0.017682
13 0.041707 0.749273 0.083414 0.023873
13 0.071424 0.805614 0.132465 0.022191
13 0.069010 0.852818 0.119879 0.017400
13 0.071414 0.828673 0.122788 0.018709
13 0.065626 0.870659 0.105394 0.013918
13 0.194737 0.790345 0.108626 0.022564
13 0.196818 0.813095 0.101111 0.008645
13 0.200960 0.829445 0.104545 0.012018
13 0.202253 0.841677 0.111980 0.010155
13 0.328465 0.836655 0.110747 0.018127
13 0.322313 0.823064 0.109636 0.011073
13 0.322313 0.811986 0.102929 0.009064
13 0.626586 0.738241 0.071596 0.024664
13 0.533172 0.750827 0.092848 0.027691
13 0.727717 0.448082 0.067111 0.035745
13 0.659475 0.446068 0.062626 0.042791
13 0.689091 0.405545 0.068283 0.043291
13 0.620879 0.404791 0.061515 0.038764
13 0.554323 0.403532 0.067111 0.042282
13 0.589000 0.445568 0.069354 0.042791
13 0.517970 0.447832 0.066000 0.042282
13 0.446374 0.447582 0.066000 0.046818
13 0.477667 0.402527 0.083859 0.043291
13 0.501101 0.572477 0.073313 0.051227
13 0.571455 0.571795 0.067394 0.045827
13 0.640980 0.567023 0.067899 0.045173
13 0.705980 0.563936 0.059232 0.044200
13 0.527232 0.523964 0.072929 0.046145
13 0.598010 0.523636 0.067172 0.041600
13 0.670232 0.520064 0.071495 0.042255
13 0.690202 0.671741 0.066707 0.039591
13 0.623960 0.674791 0.069616 0.043073
13 0.488091 0.687845 0.066646 0.043945
13 0.411747 0.696977 0.084101 0.044809
13 0.329091 0.703068 0.081212 0.047427
13 0.244485 0.715032 0.093778 0.052209
13 0.297182 0.653036 0.079293 0.042200
13 0.444141 0.646073 0.079273 0.041327
13 0.520515 0.639327 0.061879 0.037418
13 0.803899 0.772600 0.075192 0.007891
13 0.807242 0.763195 0.071859 0.012409
13 0.810162 0.749682 0.077697 0.012673
13 0.717828 0.729923 0.090242 0.025573
13 0.811000 0.738455 0.081071 0.010527
13 0.805576 0.719277 0.091919 0.021809
13 0.205990 0.856155 0.104505 0.015873
13 0.727020 0.773732 0.085232 0.012409
13 0.721596 0.783882 0.089414 0.007145
13 0.316727 0.777555 0.107394 0.017109
13 0.321172 0.799191 0.102949 0.013073
13 0.584818 0.635195 0.062848 0.039591
13 0.646687 0.630195 0.055111 0.040900
13 0.352364 0.440359 0.103960 0.028064
13 0.311657 0.410341 0.119556 0.030409
13 0.541566 0.785055 0.082768 0.014600
13 0.533737 0.800409 0.082788 0.018127
13 0.640010 0.758882 0.089475 0.012582
