13 0.373859 0.372711 0.087748 0.070467
13 0.375800 0.301367 0.093200 0.072222
13 0.452296 0.331944 0.052030 0.049511
13 0.451519 0.388439 0.056696 0.057656
13 0.509370 0.331650 0.054356 0.055922
13 0.509378 0.383194 0.052800 0.057656
13 0.560237 0.384944 0.041156 0.053000
13 0.562185 0.332528 0.045052 0.046011
13 0.619652 0.382028 0.068341 0.068144
13 0.683333 0.386400 0.051259 0.050089
13 0.733422 0.389017 0.045807 0.046011
13 0.780793 0.386689 0.048933 0.047178
13 0.779630 0.336306 0.055911 0.048922
13 0.620430 0.307772 0.069896 0.071056
13 0.683719 0.335144 0.052030 0.045422
13 0.730704 0.338350 0.037289 0.046011
13 0.930674 0.335728 0.050474 0.043100
13 0.931059 0.386694 0.057467 0.048344
13 0.879030 0.336306 0.041941 0.051256
13 0.877096 0.386400 0.044267 0.046600
13 0.830104 0.387561 0.048148 0.051256
13 0.832822 0.335722 0.045822 0.050089
13 0.690711 0.483667 0.052030 0.046600
13 0.690319 0.535506 0.052815 0.046589
13 0.737689 0.529389 0.045037 0.046022
13 0.788556 0.527639 0.050474 0.050678
13 0.785059 0.480172 0.049704 0.039611
13 0.737304 0.483083 0.041156 0.045433
