0 0.676128 0.906344 0.039425 0.080956
7 0.395966 0.193033 0.047625 0.077978
7 0.340590 0.201606 0.067286 0.067056
0 0.812979 0.957889 0.051799 0.080378
0 0.759248 0.943911 0.051032 0.080378
0 0.712080 0.929933 0.026283 0.066400
0 0.335553 0.327689 0.046386 0.095511
0 0.387751 0.322444 0.061077 0.094356
0 0.457330 0.314583 0.028614 0.106589
0 0.498695 0.312256 0.052581 0.105422
0 0.562869 0.303811 0.060310 0.114156
0 0.632448 0.297989 0.078850 0.122311
0 0.782058 0.290994 0.112109 0.150278
0 0.794425 0.464561 0.087375 0.126967
0 0.712080 0.459322 0.066490 0.114156
0 0.642500 0.461356 0.063407 0.111244
0 0.577168 0.462817 0.067257 0.106011
0 0.521121 0.458450 0.040206 0.098433
0 0.467765 0.458739 0.057212 0.094367
0 0.416740 0.457578 0.040206 0.086200
0 0.365715 0.455539 0.054115 0.092611
0 0.380015 0.576683 0.051799 0.077456
0 0.424086 0.588622 0.025516 0.075711
0 0.472795 0.589789 0.030162 0.086200
0 0.507972 0.593283 0.038658 0.088522
0 0.553208 0.602606 0.053348 0.095522
0 0.618916 0.607844 0.071903 0.090867
0 0.691593 0.620078 0.068820 0.104844
0 0.760796 0.630561 0.061858 0.107167
0 0.825347 0.640750 0.053348 0.106589
0 0.381563 0.693172 0.044071 0.063478
0 0.419830 0.707733 0.027832 0.068156
0 0.456940 0.717050 0.030929 0.062322
0 0.501792 0.726372 0.027832 0.064656
0 0.539285 0.738022 0.040988 0.071644
0 0.595339 0.751706 0.051032 0.082700
0 0.640568 0.762189 0.037891 0.069889
0 0.809889 0.812572 0.064174 0.089122
0 0.736438 0.793061 0.068805 0.081544
0 0.680767 0.775006 0.036342 0.071056
0 0.404373 0.810533 0.027832 0.055911
0 0.437611 0.821894 0.026283 0.064656
0 0.499078 0.841700 0.034794 0.069311
0 0.541991 0.857133 0.040206 0.072222
0 0.580258 0.868778 0.027065 0.078044
0 0.623171 0.890328 0.054130 0.082700
