0 0.045295 0.610967 0.087965 0.106822
1 0.124993 0.847611 0.038304 0.028067
1 0.061335 0.844106 0.055885 0.028856
0 0.021386 0.484256 0.042773 0.109178
1 0.059270 0.774711 0.068304 0.072511
1 0.059934 0.945367 0.075767 0.069889
1 0.121829 0.766883 0.054867 0.072456
1 0.243171 0.929061 0.055664 0.066389
1 0.182861 0.931678 0.063392 0.069311
1 0.182920 0.760261 0.056991 0.077922
1 0.241954 0.759500 0.067271 0.070178
1 0.123717 0.941294 0.048702 0.067567
1 0.245059 0.836306 0.054867 0.038211
1 0.182957 0.841372 0.061077 0.031189
