4 0.571556 0.393577 0.176727 0.078755
4 0.395212 0.712118 0.187556 0.050909
4 0.618071 0.717123 0.194323 0.046991
4 0.858323 0.079732 0.226990 0.104482
4 0.644333 0.071155 0.207939 0.121636
4 0.208616 0.709291 0.183697 0.053945
4 0.439869 0.065209 0.200990 0.130418
4 0.209424 0.238409 0.173273 0.100582
4 0.385283 0.252445 0.157677 0.083436
4 0.575040 0.241936 0.225273 0.101400
4 0.800273 0.247377 0.218323 0.099809
4 0.214616 0.388509 0.180222 0.081091
4 0.812879 0.720605 0.185636 0.045245
3 0.152535 0.851995 0.100545 0.041773
3 0.251636 0.862000 0.095717 0.028709
3 0.258404 0.836764 0.097657 0.025236
3 0.253576 0.806964 0.095717 0.032636
10 0.387515 0.836986 0.166384 0.096155
10 0.546525 0.835023 0.142141 0.101809
10 0.677525 0.841114 0.116020 0.100936
10 0.810949 0.842855 0.150828 0.097455
4 0.234535 0.063636 0.209677 0.127273
4 0.390495 0.388509 0.171535 0.093564
4 0.574566 0.607264 0.113131 0.016964
4 0.448879 0.607264 0.118929 0.014364
4 0.216354 0.590950 0.114081 0.019136
4 0.700253 0.600518 0.132465 0.018273
4 0.852040 0.638155 0.118909 0.034364
4 0.709919 0.638373 0.120848 0.038291
4 0.574566 0.632714 0.124727 0.033064
4 0.426162 0.632277 0.108283 0.033936
4 0.283061 0.629236 0.119899 0.034800
4 0.160232 0.629668 0.118040 0.033936
4 0.750899 0.399423 0.175010 0.076409
