13 0.408621 0.866289 0.065295 0.018200
13 0.443503 0.760828 0.040251 0.040433
13 0.489587 0.761861 0.041121 0.041056
13 0.537419 0.757806 0.038437 0.034389
13 0.536991 0.721061 0.044720 0.036389
13 0.489580 0.723422 0.048304 0.034378
13 0.478842 0.816089 0.075147 0.035044
13 0.481077 0.841017 0.068879 0.020211
13 0.476158 0.860222 0.064410 0.018200
13 0.478842 0.881117 0.059041 0.016856
13 0.481084 0.900661 0.067094 0.018189
13 0.481976 0.919189 0.068879 0.018867
13 0.405044 0.820128 0.065310 0.032344
13 0.406379 0.847756 0.067979 0.020222
13 0.406386 0.885494 0.062625 0.017522
13 0.407279 0.902678 0.064410 0.012800
13 0.406379 0.922228 0.064410 0.019544
13 0.331239 0.817433 0.062625 0.024267
13 0.337500 0.836978 0.066209 0.014822
13 0.336608 0.853483 0.075133 0.015500
13 0.335715 0.867300 0.069779 0.010778
13 0.338355 0.880467 0.075236 0.011511
13 0.335715 0.893583 0.073348 0.014833
13 0.334816 0.905039 0.069779 0.013478
13 0.335265 0.917506 0.076047 0.008767
13 0.335265 0.929978 0.065310 0.012133
13 0.256549 0.856517 0.079617 0.016167
13 0.260568 0.869994 0.073348 0.010789
13 0.257013 0.882806 0.073319 0.014833
13 0.257441 0.898306 0.070664 0.009433
13 0.256991 0.909083 0.076932 0.010789
13 0.255206 0.922561 0.076932 0.010789
13 0.255649 0.936378 0.076047 0.008756
13 0.250855 0.472172 0.056932 0.063944
13 0.312441 0.472561 0.064174 0.064722
13 0.381785 0.472950 0.066254 0.067056
13 0.446475 0.472956 0.061062 0.063933
13 0.508577 0.469444 0.061077 0.066267
13 0.568614 0.465156 0.061062 0.071733
13 0.540147 0.559117 0.043481 0.041322
13 0.495642 0.559894 0.045531 0.047567
13 0.443886 0.560283 0.045531 0.040544
13 0.395760 0.561456 0.042434 0.046000
13 0.243953 0.564244 0.049410 0.049267
13 0.296283 0.564217 0.054130 0.050678
13 0.348857 0.564511 0.051018 0.047756
13 0.246799 0.633822 0.052566 0.036111
13 0.246799 0.672844 0.049469 0.037267
13 0.297050 0.669933 0.047935 0.038444
13 0.347699 0.669928 0.044071 0.037278
13 0.344218 0.631494 0.043304 0.031456
13 0.296283 0.631200 0.044838 0.034356
13 0.395243 0.626833 0.049484 0.036111
13 0.397566 0.664983 0.043304 0.037856
13 0.538665 0.658867 0.042522 0.040778
13 0.540214 0.620422 0.048717 0.030289
13 0.493053 0.623050 0.044071 0.040189
13 0.493053 0.662944 0.044071 0.036111
13 0.445501 0.623044 0.044838 0.035533
13 0.447050 0.661778 0.047935 0.041933
13 0.247603 0.733194 0.050988 0.039078
13 0.248488 0.772278 0.045619 0.041778
13 0.299019 0.768556 0.048274 0.043778
13 0.297692 0.728817 0.040251 0.034367
13 0.261018 0.830911 0.076047 0.032356
13 0.345546 0.730839 0.046519 0.038411
13 0.347338 0.769589 0.048304 0.039089
13 0.396541 0.726122 0.048304 0.037067
13 0.398333 0.767222 0.041150 0.037067
13 0.442611 0.723422 0.045634 0.035711
