4 0.699263 0.610673 0.119172 0.021127
4 0.837566 0.624645 0.114121 0.019818
4 0.435657 0.620259 0.124929 0.017555
4 0.313606 0.595718 0.129273 0.030873
4 0.146333 0.641886 0.123576 0.034827
4 0.273667 0.643014 0.118606 0.037645
4 0.176879 0.615909 0.129919 0.014327
4 0.418485 0.647227 0.113616 0.034273
4 0.576404 0.648209 0.124848 0.037927
4 0.712788 0.652564 0.112970 0.037073
4 0.860404 0.655232 0.111111 0.039609
4 0.807667 0.738091 0.180384 0.048036
4 0.612606 0.732050 0.183515 0.052245
4 0.377909 0.727841 0.181030 0.056736
4 0.190657 0.720955 0.189758 0.057582
3 0.138909 0.862118 0.104727 0.046473
3 0.236758 0.873982 0.095333 0.028600
3 0.242182 0.849282 0.093172 0.024055
3 0.240354 0.819055 0.099697 0.036400
10 0.379343 0.852191 0.168182 0.094927
10 0.541899 0.846682 0.143717 0.104000
10 0.667919 0.850745 0.106869 0.095873
10 0.802242 0.851232 0.142990 0.097500
4 0.203707 0.394200 0.175010 0.103709
4 0.385636 0.392636 0.174990 0.114618
4 0.579697 0.397318 0.192323 0.106818
4 0.767707 0.405114 0.187131 0.099027
4 0.827485 0.247218 0.233919 0.113836
4 0.589232 0.240982 0.228727 0.121636
4 0.386505 0.248782 0.183677 0.096691
4 0.195909 0.237086 0.187131 0.106045
4 0.226111 0.060341 0.236626 0.120682
4 0.453737 0.062027 0.212646 0.124055
4 0.671626 0.066073 0.220141 0.132145
4 0.893848 0.070145 0.212303 0.125345
