4 0.252955 0.733081 0.243400 0.080141
4 0.143941 0.250859 0.181391 0.306162
4 0.337459 0.253040 0.190118 0.310404
4 0.518850 0.262747 0.176536 0.308242
4 0.683268 0.216404 0.154227 0.375071
4 0.826827 0.208859 0.113491 0.403091
4 0.502845 0.945545 0.218255 0.108909
4 0.727405 0.920758 0.194009 0.158485
4 0.252100 0.972495 0.228927 0.055010
4 0.257918 0.902960 0.232800 0.053879
4 0.253068 0.817808 0.223100 0.060343
4 0.500423 0.795172 0.170718 0.075434
4 0.499936 0.680929 0.132891 0.071152
4 0.296718 0.671232 0.174600 0.043111
