0 0.300064 0.215404 0.076291 0.279455
0 0.375100 0.214475 0.068745 0.299939
0 0.445964 0.220091 0.057891 0.303616
0 0.506305 0.225646 0.047791 0.266404
0 0.565823 0.209818 0.049464 0.272000
0 0.634159 0.230303 0.062045 0.253333
0 0.698286 0.226576 0.049464 0.260828
0 0.762818 0.216263 0.057818 0.251515
0 0.830323 0.231202 0.063736 0.255172
1 0.910436 0.284323 0.085291 0.231960
1 0.843659 0.673404 0.050500 0.226970
1 0.900900 0.685869 0.046018 0.211980
1 0.953086 0.677101 0.044900 0.209434
0 0.222500 0.207899 0.085545 0.286828
