13 0.479030 0.695650 0.086141 0.011791
13 0.680333 0.714191 0.094242 0.016291
13 0.682202 0.696495 0.085495 0.020227
13 0.679697 0.670368 0.090505 0.030900
13 0.480899 0.707727 0.087374 0.012364
13 0.576707 0.669391 0.090505 0.029491
13 0.572354 0.692277 0.085515 0.018536
13 0.112626 0.608436 0.071152 0.036800
13 0.577020 0.710536 0.077394 0.015727
13 0.784879 0.715736 0.101111 0.013200
13 0.781768 0.702255 0.089879 0.008709
13 0.780202 0.692277 0.089253 0.013482
13 0.179414 0.609000 0.059919 0.041855
13 0.247455 0.612786 0.061172 0.041009
13 0.314869 0.614191 0.071152 0.038200
13 0.384465 0.614618 0.061778 0.040727
13 0.448444 0.614759 0.062424 0.040445
13 0.517737 0.616159 0.072404 0.040445
13 0.585758 0.615318 0.061172 0.038764
13 0.781758 0.672336 0.094869 0.025836
13 0.653798 0.620514 0.071152 0.044664
13 0.473414 0.666577 0.084889 0.022755
13 0.476838 0.683573 0.084263 0.010673
