4 0.524683 0.634806 0.034676 0.022478
4 0.566453 0.703761 0.034676 0.026678
4 0.257780 0.569811 0.049484 0.023289
4 0.320022 0.569228 0.056445 0.020967
4 0.378392 0.568644 0.058761 0.024467
4 0.436763 0.567483 0.053348 0.026789
4 0.488562 0.566894 0.050251 0.023300
4 0.329130 0.638456 0.034307 0.019667
4 0.370885 0.640283 0.035044 0.018811
4 0.411711 0.637756 0.033923 0.021622
4 0.449373 0.638739 0.032434 0.021344
4 0.448813 0.606294 0.029071 0.021633
4 0.488518 0.638878 0.032434 0.019378
4 0.525494 0.704400 0.040752 0.029911
4 0.255258 0.509483 0.052788 0.022144
4 0.305369 0.508978 0.050118 0.023156
4 0.358835 0.509733 0.047434 0.023667
4 0.414292 0.507972 0.051445 0.026167
4 0.468422 0.508478 0.050118 0.026178
4 0.522212 0.506461 0.050796 0.024167
