13 0.699519 0.047067 0.063096 0.062422
13 0.482726 0.072989 0.048326 0.054867
13 0.535689 0.068961 0.044415 0.046811
13 0.380696 0.215700 0.045630 0.053356
13 0.333711 0.218472 0.042948 0.048833
13 0.271963 0.139689 0.051007 0.057378
13 0.321963 0.142967 0.039600 0.047822
13 0.365259 0.139689 0.038933 0.047311
13 0.275319 0.083561 0.044296 0.039767
13 0.318948 0.093878 0.042963 0.042289
13 0.369622 0.090861 0.048993 0.050344
13 0.428015 0.125089 0.058400 0.062422
13 0.531741 0.122028 0.047037 0.055278
13 0.427348 0.053356 0.055704 0.081044
13 0.484393 0.127861 0.048993 0.048833
13 0.762607 0.255222 0.057719 0.054867
13 0.702200 0.252950 0.055037 0.051344
13 0.703881 0.197078 0.063763 0.056378
13 0.644474 0.205383 0.056385 0.054878
13 0.647496 0.260506 0.051674 0.051344
13 0.589778 0.258994 0.055704 0.054367
13 0.588763 0.202361 0.051007 0.055878
13 0.539096 0.209411 0.042963 0.058889
13 0.540104 0.263022 0.042281 0.049333
13 0.490437 0.264783 0.053022 0.054878
13 0.489096 0.210917 0.054370 0.048833
13 0.434393 0.256478 0.056370 0.076511
13 0.286400 0.260506 0.050341 0.067456
13 0.336400 0.270572 0.048326 0.053367
13 0.380704 0.269061 0.037585 0.051344
13 0.768681 0.040500 0.073896 0.065444
13 0.832822 0.186794 0.066148 0.064056
13 0.831015 0.251750 0.069763 0.055033
13 0.763281 0.104206 0.063096 0.055878
13 0.588030 0.120072 0.055170 0.050522
13 0.587422 0.062444 0.061748 0.056889
13 0.643807 0.058139 0.048326 0.064433
13 0.641452 0.115778 0.050341 0.047822
13 0.762607 0.195817 0.052356 0.059900
13 0.700185 0.107472 0.064430 0.055367
