0 0.082848 0.410132 0.165697 0.121318
0 0.079000 0.129236 0.130889 0.101182
0 0.202051 0.133259 0.112990 0.103191
0 0.082919 0.275718 0.154364 0.120309
0 0.237859 0.276727 0.135354 0.111255
0 0.372091 0.282264 0.126404 0.103200
0 0.354747 0.411636 0.120808 0.111255
0 0.232818 0.407609 0.129758 0.119309
0 0.374889 0.535723 0.121293 0.085773
0 0.238869 0.550536 0.136889 0.056145
0 0.088990 0.548586 0.121293 0.060045
0 0.075131 0.704532 0.142101 0.077191
0 0.210283 0.695173 0.100485 0.086545
0 0.324636 0.677627 0.114364 0.129436
0 0.441606 0.671782 0.098768 0.106818
7 0.073949 0.844882 0.147899 0.103709
7 0.205091 0.838255 0.093576 0.104491
7 0.335040 0.818368 0.142081 0.133336
7 0.530152 0.146536 0.110040 0.093000
