5 0.238926 0.514044 0.061230 0.101356
1 0.876600 0.896944 0.111126 0.165467
1 0.763067 0.886678 0.096622 0.137689
1 0.664037 0.872794 0.088578 0.143722
1 0.580296 0.864339 0.072474 0.153389
1 0.497363 0.851050 0.083733 0.150967
1 0.403163 0.838367 0.098237 0.144933
1 0.931370 0.544294 0.088370 0.111500
1 0.856000 0.534944 0.047822 0.108378
1 0.798296 0.536111 0.057185 0.113844
1 0.716163 0.514672 0.069659 0.130211
1 0.644430 0.517011 0.071733 0.125533
1 0.571141 0.518178 0.060296 0.121644
1 0.507193 0.515056 0.053022 0.124756
1 0.451578 0.515450 0.058207 0.111500
1 0.383970 0.509228 0.068681 0.113100
5 0.528926 0.690978 0.057970 0.096044
5 0.467852 0.687911 0.064681 0.093000
5 0.405400 0.677800 0.056607 0.097044
5 0.355074 0.678161 0.045852 0.089678
5 0.298022 0.660611 0.059304 0.105800
1 0.970911 0.921600 0.058178 0.156800
5 0.236926 0.661628 0.061111 0.099744
5 0.181222 0.657244 0.043126 0.093667
5 0.129104 0.648150 0.048519 0.102433
5 0.069800 0.645111 0.057496 0.099067
5 0.310133 0.505467 0.074756 0.112289
