0 0.825040 0.261395 0.063495 0.060918
0 0.085939 0.218714 0.084404 0.069573
0 0.171586 0.223414 0.085232 0.068445
0 0.256404 0.227927 0.071030 0.066182
0 0.334525 0.236195 0.078545 0.065427
0 0.413909 0.239395 0.066848 0.060536
0 0.478263 0.243905 0.051798 0.058282
0 0.545111 0.247100 0.065172 0.055655
0 0.609869 0.251427 0.045960 0.053018
0 0.681313 0.249736 0.070182 0.067691
0 0.759444 0.257632 0.059333 0.063918
0 0.052091 0.360664 0.095253 0.078964
0 0.177020 0.361227 0.122848 0.076327
0 0.283141 0.363673 0.082727 0.076709
0 0.747323 0.366114 0.051818 0.053773
0 0.690919 0.364236 0.059333 0.059782
0 0.626586 0.363109 0.066020 0.060545
0 0.548444 0.363859 0.073535 0.066555
0 0.378818 0.364795 0.100263 0.071445
0 0.468646 0.364423 0.079394 0.067682
0 0.099303 0.489455 0.114485 0.104909
0 0.215455 0.483245 0.121172 0.100018
0 0.317394 0.478359 0.076040 0.096264
0 0.411828 0.475536 0.097758 0.086109
0 0.502495 0.471405 0.075212 0.082355
0 0.572677 0.468205 0.058485 0.075955
0 0.634939 0.476477 0.059333 0.060918
0 0.802475 0.466700 0.050121 0.055655
0 0.748586 0.470277 0.057657 0.051518
0 0.689677 0.473473 0.055152 0.056400
0 0.093465 0.628018 0.124505 0.078218
0 0.208768 0.615418 0.104444 0.081600
0 0.311556 0.602445 0.079394 0.076709
0 0.391354 0.593050 0.075192 0.081973
0 0.460717 0.583841 0.056788 0.075591
0 0.530071 0.579136 0.056828 0.069945
0 0.596768 0.573382 0.063030 0.069782
0 0.786384 0.554205 0.055596 0.062155
0 0.717758 0.558895 0.069495 0.066845
0 0.658687 0.563977 0.055596 0.063718
1 0.872960 0.460459 0.068626 0.079464
1 0.947768 0.456986 0.063414 0.075445
1 0.990606 0.453673 0.018788 0.074291
1 0.852212 0.562723 0.058202 0.060973
1 0.903899 0.553732 0.039960 0.063318
1 0.943859 0.551386 0.043434 0.063318
1 0.983657 0.549436 0.032687 0.064109
1 0.835101 0.673632 0.057192 0.053500
1 0.888657 0.666064 0.057758 0.050982
1 0.929323 0.658368 0.025798 0.056282
1 0.966616 0.653700 0.034202 0.050473
