0 0.950796 0.141133 0.075339 0.130444
0 0.788068 0.143550 0.092979 0.120767
0 0.873842 0.144761 0.072139 0.123189
0 0.783267 0.289689 0.089779 0.118356
0 0.868230 0.289689 0.073746 0.120778
0 0.950796 0.289083 0.091386 0.117144
0 0.783267 0.422544 0.089779 0.103867
0 0.869034 0.421939 0.072139 0.112322
0 0.951600 0.421939 0.092994 0.109900
0 0.773636 0.542106 0.089779 0.115944
0 0.865022 0.544528 0.080162 0.108700
0 0.939580 0.545733 0.075354 0.111111
0 0.766431 0.664694 0.081770 0.102656
0 0.844985 0.665300 0.072153 0.101444
0 0.922736 0.664700 0.080162 0.100244
0 0.983016 0.666506 0.033968 0.094211
0 0.747987 0.791511 0.080162 0.117156
0 0.838569 0.788489 0.065723 0.125600
0 0.909912 0.788489 0.064130 0.125600
0 0.977249 0.792111 0.044882 0.113533
0 0.754403 0.940744 0.092994 0.118511
0 0.840170 0.945494 0.075354 0.108700
0 0.923540 0.948522 0.078555 0.100244
0 0.982058 0.953428 0.035265 0.093144
