0 0.345465 0.648522 0.054794 0.088600
0 0.651180 0.648017 0.066165 0.094633
0 0.162072 0.541044 0.067566 0.094133
0 0.225184 0.541044 0.058805 0.100178
0 0.286696 0.540794 0.058879 0.098656
0 0.343798 0.540544 0.051460 0.090111
0 0.404941 0.544067 0.060147 0.083067
0 0.467087 0.541800 0.054794 0.085578
0 0.523584 0.543311 0.048850 0.085578
0 0.576003 0.542306 0.049440 0.090611
0 0.632139 0.540794 0.061475 0.091611
0 0.096925 0.646256 0.069572 0.087089
0 0.163709 0.646000 0.060133 0.089600
0 0.223850 0.645000 0.061475 0.089600
0 0.285996 0.645750 0.062817 0.098167
0 0.414624 0.643739 0.074174 0.102189
0 0.228186 0.757656 0.055457 0.113222
0 0.288119 0.756983 0.060841 0.114567
0 0.351187 0.761700 0.061726 0.124000
0 0.078562 0.893183 0.066504 0.112989
0 0.149690 0.905706 0.063392 0.117078
0 0.218503 0.904828 0.071136 0.125811
0 0.284993 0.905706 0.061844 0.132211
0 0.346077 0.905417 0.047935 0.125811
0 0.402898 0.927256 0.048717 0.076289
0 0.452382 0.927833 0.048717 0.075133
0 0.607397 0.938617 0.049484 0.067567
0 0.553665 0.932206 0.047153 0.071056
0 0.503414 0.928128 0.050251 0.076878
7 0.395988 0.203017 0.072832 0.102189
7 0.464476 0.210317 0.066829 0.078522
7 0.523282 0.214850 0.050782 0.071478
7 0.519742 0.337028 0.044469 0.070056
7 0.467765 0.333111 0.057183 0.079622
7 0.404823 0.323978 0.069882 0.102244
5 0.596106 0.444294 0.044071 0.073967
1 0.659867 0.785744 0.049440 0.069978
1 0.710656 0.784489 0.050782 0.073489
1 0.761438 0.785494 0.049454 0.083567
1 0.813562 0.789772 0.049454 0.075011
1 0.659204 0.939033 0.048112 0.069467
1 0.709314 0.940033 0.045442 0.072489
1 0.758429 0.940789 0.048776 0.075000
1 0.812227 0.943306 0.048112 0.075011
0 0.461873 0.783483 0.050796 0.083056
0 0.509985 0.782978 0.045428 0.078022
0 0.164668 0.757656 0.053673 0.118600
0 0.558429 0.782222 0.054115 0.078533
0 0.607876 0.783733 0.051445 0.075511
0 0.477780 0.648017 0.046770 0.098656
0 0.529897 0.650028 0.056136 0.093633
0 0.588695 0.648772 0.054794 0.088100
0 0.410752 0.777189 0.051445 0.083556
0 0.098031 0.760350 0.076032 0.113211
0 0.074690 0.221644 0.073481 0.089667
0 0.329314 0.210733 0.054853 0.097467
0 0.141453 0.217750 0.055885 0.099033
0 0.198894 0.214628 0.058997 0.091233
0 0.263584 0.214239 0.068319 0.095122
0 0.079941 0.335056 0.069381 0.091378
0 0.145074 0.331483 0.055900 0.094767
0 0.206969 0.331111 0.065885 0.090244
0 0.271357 0.330539 0.058909 0.098144
0 0.336740 0.325283 0.064867 0.099656
0 0.085133 0.440228 0.069381 0.084233
0 0.152264 0.440228 0.059897 0.084233
0 0.217404 0.437222 0.069381 0.087244
0 0.284041 0.437600 0.061888 0.091000
0 0.342183 0.436661 0.050413 0.092878
0 0.094218 0.542300 0.064159 0.095644
