13 0.713555 0.213600 0.049410 0.018044
13 0.876851 0.212067 0.052198 0.016578
13 0.877714 0.227506 0.047021 0.012344
13 0.874912 0.240506 0.044867 0.012344
13 0.872316 0.254478 0.051770 0.013000
13 0.872316 0.267967 0.041416 0.013978
13 0.924735 0.214506 0.040973 0.011700
13 0.924086 0.229622 0.034513 0.014622
13 0.925162 0.243433 0.046165 0.010400
13 0.922146 0.255622 0.039248 0.013978
13 0.923009 0.271544 0.039263 0.012022
10 0.449867 0.231172 0.081740 0.098122
10 0.523997 0.243178 0.058201 0.076200
10 0.587050 0.255183 0.054041 0.062633
13 0.641888 0.433367 0.050118 0.044800
13 0.692345 0.433872 0.048112 0.045811
13 0.741460 0.431606 0.046106 0.045300
13 0.788901 0.431106 0.042109 0.045300
13 0.633532 0.516683 0.037419 0.044300
13 0.634543 0.556950 0.038083 0.034233
13 0.673636 0.552928 0.033407 0.034233
13 0.709381 0.549150 0.032743 0.035744
13 0.743459 0.545122 0.035413 0.030711
13 0.676305 0.510889 0.044115 0.040778
13 0.720745 0.506111 0.039425 0.035244
13 0.945265 0.494783 0.036755 0.035744
13 0.940922 0.531533 0.032080 0.031711
13 0.911851 0.498556 0.024735 0.039267
13 0.910848 0.534300 0.025383 0.030200
13 0.882788 0.533800 0.029410 0.036244
13 0.881445 0.498561 0.030737 0.035233
13 0.850376 0.499567 0.028746 0.033222
13 0.848038 0.536567 0.030737 0.034733
13 0.815627 0.502589 0.035413 0.039267
13 0.815959 0.538583 0.030737 0.032722
13 0.781881 0.541850 0.037419 0.031211
13 0.778540 0.504094 0.038761 0.040278
13 0.607419 0.763178 0.051976 0.052644
13 0.659971 0.757961 0.041593 0.058744
13 0.701844 0.722939 0.032920 0.032189
13 0.702706 0.757089 0.032345 0.035244
13 0.737072 0.750128 0.030605 0.033500
13 0.737360 0.714239 0.030029 0.034811
13 0.771726 0.746000 0.030619 0.028711
13 0.772308 0.712061 0.029454 0.039167
13 0.804358 0.704233 0.032345 0.033933
13 0.803776 0.737294 0.028879 0.032189
13 0.838142 0.734689 0.028289 0.033067
13 0.836121 0.699444 0.031180 0.036556
13 0.929388 0.683344 0.031755 0.040022
13 0.925929 0.716411 0.034071 0.027844
13 0.893584 0.690089 0.028289 0.035244
13 0.895605 0.722283 0.031180 0.029144
13 0.864993 0.692044 0.026563 0.033933
13 0.866726 0.726850 0.024248 0.031322
13 0.606836 0.848894 0.048510 0.049167
13 0.657662 0.838450 0.045059 0.053522
13 0.698090 0.810389 0.032345 0.034800
13 0.699535 0.842150 0.036386 0.026100
13 0.734469 0.806256 0.031180 0.025667
13 0.731586 0.834317 0.031195 0.026967
13 0.762478 0.826483 0.025988 0.030456
13 0.767065 0.795378 0.034012 0.032622
13 0.801468 0.819522 0.026563 0.026978
13 0.802338 0.789500 0.029454 0.027844
13 0.923614 0.768622 0.031770 0.027844
13 0.918422 0.795161 0.025988 0.026100
13 0.890981 0.772100 0.026563 0.029578
13 0.891276 0.801467 0.029454 0.030022
13 0.862972 0.778844 0.029454 0.029156
13 0.858643 0.808650 0.030029 0.025233
13 0.830634 0.782761 0.027139 0.027411
13 0.828901 0.812133 0.027153 0.027844
13 0.974904 0.203478 0.050192 0.029622
13 0.970516 0.224533 0.049676 0.018711
13 0.971556 0.247922 0.041401 0.024956
13 0.970509 0.264689 0.053820 0.010133
13 0.965347 0.277556 0.041401 0.009356
13 0.646032 0.190228 0.067286 0.012478
13 0.642412 0.207378 0.066239 0.015600
13 0.649417 0.224694 0.064882 0.016922
13 0.648414 0.241800 0.059897 0.014289
13 0.650664 0.257600 0.056401 0.014289
13 0.711556 0.197056 0.054410 0.014289
13 0.715553 0.230333 0.052404 0.015422
13 0.710310 0.243867 0.054897 0.014667
13 0.710560 0.260606 0.059410 0.015789
13 0.826364 0.213600 0.046416 0.025578
13 0.821372 0.236539 0.043422 0.020300
13 0.821622 0.255711 0.048909 0.019556
13 0.770214 0.200628 0.053909 0.015411
13 0.769211 0.216983 0.051903 0.015789
13 0.766217 0.232028 0.050900 0.012789
13 0.768709 0.248194 0.052906 0.018056
13 0.769705 0.264550 0.050914 0.012411
