13 0.430960 0.610645 0.064343 0.044745
13 0.150606 0.611582 0.073535 0.043618
13 0.223313 0.612150 0.065172 0.047009
13 0.288485 0.614968 0.065172 0.048882
13 0.362859 0.610459 0.070202 0.044373
13 0.500737 0.610268 0.071859 0.045500
13 0.713404 0.614218 0.072707 0.039855
13 0.640707 0.611209 0.071030 0.039855
13 0.570505 0.611018 0.062667 0.044745
13 0.527879 0.665918 0.086061 0.019927
13 0.520798 0.681150 0.090242 0.010536
13 0.526222 0.693373 0.091071 0.010909
13 0.533323 0.704655 0.088586 0.013164
13 0.629424 0.665168 0.100263 0.028209
13 0.625242 0.689986 0.088586 0.018427
13 0.631505 0.708600 0.097758 0.016545
13 0.733040 0.668177 0.088586 0.029700
13 0.731364 0.689991 0.100263 0.017673
13 0.736384 0.708036 0.100283 0.018418
13 0.838737 0.666486 0.097758 0.028573
13 0.841667 0.685850 0.095253 0.015409
13 0.837495 0.696568 0.091919 0.009773
13 0.837909 0.709536 0.084384 0.015418
