0 0.613370 0.263017 0.074823 0.132567
0 0.309926 0.295372 0.049882 0.094989
0 0.332780 0.422200 0.067891 0.085600
0 0.350796 0.546411 0.062360 0.079333
0 0.388901 0.431072 0.036032 0.094989
0 0.366040 0.288583 0.065118 0.093944
0 0.469263 0.278150 0.058201 0.106478
0 0.538547 0.273978 0.066504 0.119000
0 0.760944 0.252572 0.101150 0.136744
0 0.761630 0.435244 0.074823 0.124222
0 0.684041 0.440989 0.060973 0.112733
0 0.611291 0.438900 0.065118 0.106467
0 0.438783 0.428461 0.052640 0.091856
0 0.492131 0.427417 0.040192 0.100211
0 0.546858 0.430028 0.052655 0.103344
0 0.440863 0.561028 0.037419 0.081411
0 0.478311 0.567289 0.037478 0.081422
0 0.520531 0.580861 0.052655 0.096033
0 0.582891 0.588172 0.052655 0.102300
0 0.655634 0.605389 0.067906 0.107511
0 0.724218 0.613222 0.052655 0.102289
0 0.778260 0.616872 0.060973 0.105433
0 0.766091 0.787378 0.071563 0.095022
0 0.695420 0.765139 0.064410 0.093678
0 0.609985 0.745256 0.042035 0.080867
0 0.560782 0.721000 0.047404 0.080867
0 0.506217 0.709539 0.042050 0.071433
0 0.466401 0.704150 0.030413 0.076833
0 0.427043 0.689994 0.032198 0.059300
0 0.388127 0.681572 0.033097 0.073456
0 0.355029 0.669778 0.033097 0.072778
0 0.369801 0.778950 0.023260 0.059300
0 0.398872 0.790072 0.020575 0.054589
0 0.762507 0.941700 0.048319 0.069422
0 0.710619 0.914406 0.046519 0.078167
0 0.669027 0.904294 0.025929 0.063344
0 0.632795 0.882733 0.026829 0.076822
0 0.588068 0.862517 0.053687 0.079522
0 0.506659 0.833539 0.037566 0.075478
0 0.543783 0.839939 0.036681 0.077500
0 0.463724 0.812650 0.032198 0.075478
