0 0.759277 0.420944 0.091445 0.110644
0 0.917928 0.543078 0.070664 0.114822
0 0.842412 0.420944 0.074823 0.108556
0 0.927633 0.420422 0.084528 0.107511
0 0.759285 0.543600 0.077596 0.111689
0 0.845184 0.545689 0.074823 0.111689
0 0.891652 0.789628 0.068260 0.115478
0 0.963488 0.790528 0.073024 0.115478
0 0.739558 0.940822 0.087434 0.118356
0 0.827581 0.946150 0.071858 0.107367
0 0.903621 0.948489 0.075442 0.103022
0 0.978459 0.943894 0.043083 0.111878
0 0.978016 0.547250 0.043968 0.102300
0 0.745546 0.657456 0.082625 0.107356
0 0.825782 0.664222 0.077847 0.092022
0 0.900029 0.665122 0.068260 0.101044
0 0.968879 0.665122 0.062242 0.101044
0 0.736563 0.786017 0.074248 0.115478
0 0.816807 0.786467 0.069454 0.114578
0 0.763437 0.151111 0.091445 0.120044
0 0.848650 0.149028 0.073437 0.130478
0 0.926940 0.146939 0.074823 0.130478
0 0.761357 0.290467 0.090059 0.127356
0 0.847957 0.294122 0.080369 0.117956
0 0.928326 0.292556 0.072050 0.123178
