13 0.205727 0.468777 0.137192 0.081536
13 0.069859 0.466445 0.139717 0.071055
13 0.029091 0.635359 0.058182 0.074536
13 0.115121 0.636227 0.126848 0.070473
13 0.240677 0.635645 0.134606 0.073964
13 0.248434 0.568955 0.139778 0.053582
13 0.120303 0.568082 0.119071 0.050673
13 0.066970 0.164427 0.133939 0.092309
13 0.197505 0.251018 0.166242 0.080873
13 0.057939 0.249332 0.115879 0.078845
13 0.212475 0.165095 0.154242 0.089627
13 0.073707 0.390150 0.144949 0.076882
13 0.213495 0.384032 0.139798 0.086791
