3 0.631879 0.853736 0.096040 0.031200
4 0.286970 0.132659 0.306747 0.110064
4 0.597717 0.146191 0.270667 0.104655
4 0.239859 0.286023 0.220525 0.124500
4 0.446354 0.283318 0.196465 0.138927
4 0.645828 0.284673 0.202485 0.141636
4 0.596717 0.453827 0.176424 0.102855
4 0.412273 0.447964 0.176424 0.114582
4 0.231838 0.448864 0.164404 0.101945
4 0.213869 0.618014 0.102768 0.039864
4 0.346313 0.615382 0.123657 0.037600
4 0.586141 0.606732 0.110303 0.052645
4 0.688919 0.610309 0.083576 0.055273
4 0.467475 0.615195 0.123677 0.041736
4 0.643434 0.741773 0.161051 0.049727
4 0.465414 0.744859 0.186343 0.050700
4 0.270061 0.747623 0.189939 0.043227
3 0.228889 0.860718 0.104727 0.044527
3 0.233222 0.896145 0.106162 0.020473
3 0.332889 0.857959 0.097495 0.042245
3 0.335414 0.892082 0.101091 0.023400
3 0.435071 0.889645 0.092444 0.023727
3 0.438697 0.854545 0.101111 0.041927
3 0.537636 0.887209 0.098222 0.023400
3 0.536545 0.854059 0.093172 0.033155
3 0.637869 0.881718 0.093596 0.019564
