5 0.954727 0.420677 0.078545 0.076336
0 0.203808 0.662759 0.109677 0.082882
0 0.307798 0.654145 0.100364 0.084273
0 0.398323 0.642741 0.084848 0.087536
0 0.837576 0.609677 0.063111 0.065191
0 0.762040 0.613636 0.065172 0.073109
0 0.701000 0.620855 0.056909 0.077291
0 0.635283 0.624809 0.072424 0.082418
0 0.551616 0.634545 0.068485 0.073091
0 0.473859 0.638082 0.066222 0.079164
1 0.944374 0.515555 0.083172 0.080491
1 0.915758 0.618582 0.061697 0.069218
1 0.975091 0.615364 0.049818 0.066000
1 0.888475 0.738909 0.055455 0.061982
1 0.953323 0.732668 0.068869 0.055936
0 0.090586 0.265000 0.104646 0.069218
0 0.187616 0.269832 0.084081 0.070027
0 0.275707 0.275464 0.088545 0.073236
0 0.359313 0.283514 0.073333 0.068409
0 0.436677 0.284318 0.072424 0.068418
0 0.507323 0.290755 0.068869 0.066000
0 0.577525 0.297600 0.069758 0.059564
0 0.649515 0.301218 0.067071 0.060364
0 0.727323 0.298200 0.077798 0.063182
0 0.812707 0.305441 0.080242 0.062882
0 0.890081 0.308173 0.069859 0.061055
0 0.070384 0.404882 0.136040 0.080000
0 0.193283 0.403664 0.102040 0.081036
0 0.295313 0.406968 0.089657 0.079991
0 0.398879 0.408705 0.098929 0.073736
0 0.494727 0.408359 0.089657 0.073736
0 0.580131 0.408014 0.081152 0.066082
0 0.666697 0.410100 0.085798 0.068873
0 0.743242 0.413909 0.061030 0.059091
0 0.864949 0.415141 0.046384 0.060173
0 0.807758 0.412709 0.068000 0.069909
0 0.079596 0.537782 0.159192 0.101564
0 0.217313 0.532082 0.108202 0.099127
0 0.321667 0.529091 0.098929 0.101564
0 0.426778 0.524950 0.109758 0.094609
0 0.523394 0.522150 0.077293 0.087682
0 0.601081 0.518314 0.065717 0.086282
0 0.666394 0.522509 0.063374 0.069564
0 0.735576 0.522477 0.065697 0.062609
0 0.800111 0.521282 0.061838 0.060836
0 0.860394 0.518514 0.049475 0.059482
0 0.079636 0.673468 0.134505 0.086609
