13 0.426578 0.465694 0.058074 0.049389
13 0.365044 0.462767 0.061526 0.054600
13 0.302215 0.460328 0.063274 0.054922
13 0.488978 0.383633 0.066726 0.077667
13 0.488978 0.457244 0.066726 0.069556
13 0.805089 0.421167 0.058504 0.046800
13 0.802704 0.468617 0.054593 0.048100
13 0.753089 0.468461 0.042030 0.044522
13 0.754607 0.418572 0.041600 0.048100
13 0.550726 0.413861 0.054163 0.051678
13 0.552244 0.467478 0.056341 0.053622
13 0.603378 0.465694 0.045926 0.049389
13 0.655593 0.467994 0.055896 0.049989
13 0.708674 0.467806 0.044193 0.049722
13 0.601430 0.417272 0.045496 0.046144
13 0.652993 0.416294 0.055022 0.048744
13 0.707156 0.416133 0.053304 0.051667
13 0.550237 0.618117 0.053689 0.054367
13 0.555607 0.561233 0.049674 0.061422
13 0.608296 0.616606 0.044978 0.057389
13 0.654274 0.614083 0.046978 0.054367
13 0.650585 0.560728 0.054356 0.048322
13 0.602593 0.560228 0.040267 0.051344
13 0.784511 0.541194 0.068696 0.018433
13 0.789281 0.558678 0.079215 0.018800
13 0.786274 0.575228 0.079215 0.017300
13 0.785015 0.591394 0.073704 0.016544
13 0.788778 0.609628 0.074207 0.016167
13 0.786274 0.625800 0.073200 0.019933
13 0.722089 0.629939 0.069185 0.021433
13 0.718837 0.610194 0.074711 0.020300
13 0.716326 0.592311 0.062667 0.015378
13 0.713319 0.575411 0.058667 0.014667
13 0.715326 0.558494 0.061674 0.016167
13 0.712815 0.541944 0.058667 0.019178
13 0.713067 0.522578 0.059170 0.015044
13 0.222119 0.368283 0.089304 0.086789
13 0.226000 0.447789 0.086193 0.076889
13 0.302437 0.403783 0.059363 0.061433
13 0.367430 0.408011 0.059363 0.056222
13 0.424015 0.411583 0.050341 0.058167
