1 0.173044 0.845733 0.076370 0.109178
1 0.085437 0.852139 0.098844 0.101767
5 0.196096 0.708844 0.060578 0.069311
5 0.142519 0.712339 0.048148 0.068144
5 0.092815 0.717872 0.052800 0.073389
5 0.036126 0.720778 0.057467 0.074556
0 0.573593 0.323650 0.079393 0.115478
0 0.649385 0.320944 0.067363 0.110067
0 0.715533 0.326361 0.055333 0.106456
0 0.779296 0.324983 0.069763 0.110922
0 0.843652 0.326806 0.063748 0.110967
0 0.903185 0.325911 0.050519 0.105556
0 0.950704 0.324550 0.039689 0.106456
0 0.562770 0.474317 0.076978 0.115478
0 0.633133 0.472983 0.051748 0.105589
0 0.693289 0.472511 0.066163 0.120889
0 0.759444 0.474317 0.061348 0.108256
0 0.814778 0.463939 0.056548 0.107367
0 0.870711 0.466194 0.057748 0.113678
0 0.934467 0.458056 0.064963 0.101000
0 0.565252 0.610139 0.070089 0.105811
0 0.631296 0.602728 0.056607 0.097722
0 0.690600 0.601039 0.053022 0.102433
0 0.744963 0.598683 0.052119 0.103100
0 0.794830 0.597672 0.040444 0.102433
0 0.846044 0.594300 0.058400 0.099733
0 0.903104 0.588911 0.050326 0.095689
0 0.925119 0.689661 0.049407 0.062678
0 0.876148 0.696394 0.039526 0.073456
0 0.830326 0.698083 0.055704 0.068744
0 0.778659 0.697744 0.036844 0.074800
0 0.736422 0.705833 0.047630 0.081533
0 0.680719 0.707183 0.045822 0.077500
0 0.623207 0.708189 0.053022 0.080867
0 0.567504 0.707517 0.062000 0.090300
0 0.580526 0.826794 0.064696 0.075478
0 0.640733 0.818717 0.048519 0.063344
0 0.685207 0.813994 0.044015 0.059300
0 0.725193 0.809956 0.034148 0.066044
0 0.771467 0.804561 0.049422 0.067389
0 0.824926 0.801867 0.053911 0.062000
0 0.876593 0.797483 0.038637 0.062678
0 0.913007 0.796811 0.026904 0.062667
0 0.949378 0.794456 0.038637 0.057956
7 0.554022 0.176794 0.087689 0.089767
7 0.617563 0.183689 0.037585 0.079533
7 0.662526 0.182683 0.051007 0.080544
7 0.717570 0.192750 0.049659 0.063433
7 0.760185 0.185194 0.039600 0.080544
1 0.061889 0.581317 0.075778 0.083900
1 0.130452 0.579506 0.051719 0.091122
1 0.179770 0.578606 0.046919 0.091122
1 0.228489 0.575900 0.045719 0.089311
1 0.279007 0.576350 0.052919 0.075789
1 0.330733 0.569583 0.050533 0.085700
1 0.380052 0.579061 0.043304 0.068567
1 0.415541 0.576350 0.032474 0.068567
1 0.503496 0.571794 0.042933 0.061344
1 0.457089 0.571361 0.047570 0.062211
1 0.508644 0.813050 0.061111 0.100411
1 0.442607 0.818783 0.069185 0.106478
1 0.372519 0.825517 0.060207 0.095700
1 0.306919 0.835967 0.069185 0.101756
1 0.239985 0.837989 0.062904 0.107156
