13 0.337927 0.783364 0.055109 0.089071
13 0.336986 0.845293 0.058245 0.037576
13 0.277495 0.698475 0.065755 0.080707
13 0.266532 0.780586 0.057609 0.083515
13 0.264027 0.844596 0.057618 0.033394
13 0.554291 0.680384 0.043218 0.116889
13 0.560241 0.802152 0.045082 0.121071
13 0.510141 0.681778 0.041336 0.136364
13 0.512645 0.810505 0.041327 0.101576
13 0.467555 0.806323 0.041327 0.109939
13 0.468495 0.679687 0.044464 0.129434
13 0.412764 0.701263 0.059491 0.086283
13 0.409945 0.783374 0.056364 0.077939
13 0.410255 0.845990 0.050727 0.038970
13 0.346064 0.701253 0.066382 0.072364
13 0.647600 0.690121 0.051982 0.119677
13 0.654177 0.809808 0.053864 0.114121
13 0.606582 0.809808 0.046345 0.108545
13 0.598127 0.681081 0.048218 0.137758
