0 0.216596 0.646173 0.128303 0.078491
7 0.309818 0.775182 0.142343 0.123600
7 0.182525 0.790064 0.100242 0.099236
7 0.063192 0.807209 0.126384 0.106455
7 0.515293 0.103059 0.108283 0.095718
0 0.076263 0.064273 0.124283 0.107364
0 0.182525 0.068327 0.080202 0.106455
0 0.078232 0.216286 0.156465 0.117282
0 0.222616 0.221700 0.140343 0.120891
0 0.352929 0.226659 0.112283 0.114573
0 0.449162 0.233427 0.064141 0.108255
0 0.079232 0.361532 0.158465 0.117282
0 0.230636 0.362441 0.132303 0.117282
0 0.349929 0.362436 0.086202 0.113673
0 0.105333 0.503177 0.066141 0.064955
0 0.200566 0.497764 0.104242 0.061345
0 0.333879 0.486036 0.126303 0.088418
0 0.395030 0.619555 0.132323 0.115473
0 0.100323 0.659250 0.088202 0.086609
