1 0.420310 0.874389 0.065487 0.087089
1 0.632198 0.916206 0.050914 0.057900
1 0.584757 0.933106 0.042965 0.060211
1 0.538857 0.946472 0.039926 0.050767
1 0.491940 0.961139 0.053909 0.053011
1 0.433532 0.978222 0.066888 0.043556
5 0.370715 0.191161 0.090044 0.134900
5 0.455066 0.195450 0.066239 0.137233
5 0.518724 0.205978 0.052788 0.099022
5 0.580310 0.208311 0.060029 0.099022
5 0.642928 0.203639 0.056917 0.102144
1 0.421976 0.725661 0.091150 0.121633
1 0.510959 0.708117 0.078673 0.117744
1 0.578009 0.683100 0.053451 0.117289
1 0.638850 0.672783 0.060206 0.111744
1 0.643496 0.807944 0.040088 0.087089
1 0.597087 0.819778 0.050192 0.091622
1 0.543923 0.838144 0.048112 0.094133
1 0.491136 0.854511 0.052124 0.092622
