13 0.156081 0.772468 0.126424 0.018627
13 0.029101 0.649136 0.058202 0.062927
13 0.101828 0.649641 0.085030 0.071991
13 0.202505 0.646623 0.093980 0.069973
13 0.298707 0.652409 0.093980 0.064436
13 0.383162 0.657700 0.083899 0.054873
13 0.547051 0.721877 0.127515 0.036245
13 0.544253 0.746291 0.124182 0.017618
13 0.542020 0.760136 0.115232 0.016109
13 0.536414 0.778000 0.108505 0.017636
13 0.416172 0.723895 0.136465 0.036245
13 0.409455 0.752586 0.105172 0.021136
13 0.406101 0.774482 0.116323 0.020636
13 0.280808 0.722132 0.125293 0.038755
13 0.281374 0.752586 0.106263 0.017118
13 0.285283 0.773977 0.093960 0.021645
13 0.142657 0.716595 0.108505 0.032718
13 0.155525 0.739245 0.134242 0.015600
13 0.149364 0.754855 0.108505 0.014600
