13 0.802153 0.775267 0.024454 0.028578
13 0.609270 0.423000 0.047419 0.043133
13 0.654889 0.417272 0.042050 0.042456
13 0.697832 0.415917 0.042035 0.042456
13 0.743001 0.411878 0.042935 0.037067
13 0.607788 0.496822 0.032950 0.038733
13 0.606792 0.533300 0.040929 0.034222
13 0.645723 0.531794 0.032950 0.034211
13 0.645221 0.493250 0.036932 0.039100
13 0.677913 0.526906 0.029454 0.034211
13 0.710612 0.522767 0.034941 0.034978
13 0.684403 0.487233 0.034440 0.034600
13 0.735317 0.482928 0.036445 0.037189
13 0.771010 0.480650 0.033938 0.036478
13 0.745302 0.519006 0.030457 0.031967
13 0.776497 0.517317 0.028953 0.032344
13 0.894299 0.499639 0.036947 0.030833
13 0.861106 0.472194 0.026460 0.036100
13 0.860605 0.506222 0.026460 0.032711
13 0.833149 0.507350 0.028451 0.027456
13 0.805450 0.511678 0.028953 0.032333
13 0.806445 0.476139 0.031947 0.035722
13 0.834653 0.475578 0.023466 0.033844
13 0.597854 0.740594 0.052788 0.039767
13 0.646637 0.728256 0.046106 0.046311
13 0.679712 0.691006 0.029395 0.034233
13 0.686062 0.728006 0.030059 0.032722
13 0.714794 0.723228 0.027404 0.028189
13 0.713459 0.685467 0.030074 0.033222
13 0.745863 0.711900 0.029395 0.030711
13 0.743864 0.678172 0.030737 0.033722
13 0.776608 0.705356 0.030737 0.030711
13 0.773260 0.672128 0.025398 0.035744
13 0.804676 0.699061 0.026726 0.030211
13 0.830398 0.692767 0.023392 0.031711
13 0.830059 0.658033 0.026726 0.036756
13 0.802677 0.665589 0.030723 0.034733
13 0.857566 0.654089 0.027168 0.033800
13 0.858215 0.686917 0.026755 0.029256
13 0.888628 0.680900 0.032360 0.030222
13 0.884742 0.647428 0.027183 0.034122
13 0.598001 0.818133 0.046416 0.053400
13 0.645170 0.804972 0.045914 0.049633
13 0.885767 0.729583 0.024956 0.028211
13 0.882021 0.756089 0.026460 0.023311
13 0.855568 0.735039 0.027448 0.026322
13 0.856313 0.759667 0.020973 0.024444
13 0.830111 0.737478 0.021460 0.027444
13 0.832574 0.769628 0.030398 0.027078
13 0.802375 0.745378 0.026903 0.029711
13 0.773953 0.752894 0.027965 0.031211
13 0.774705 0.783167 0.030442 0.024822
13 0.744004 0.762861 0.031932 0.030833
13 0.742987 0.793133 0.026003 0.027444
13 0.712537 0.769628 0.026903 0.027833
13 0.715302 0.797833 0.024469 0.027822
13 0.684108 0.778278 0.029956 0.033089
13 0.684108 0.809300 0.027950 0.027444
13 0.597345 0.188078 0.069587 0.022133
13 0.596962 0.204967 0.074985 0.013978
13 0.600826 0.220111 0.078083 0.016311
13 0.603916 0.235544 0.053348 0.019222
13 0.603532 0.247483 0.051018 0.012811
13 0.606630 0.260300 0.057212 0.008156
13 0.669248 0.260594 0.055664 0.009900
13 0.666158 0.248939 0.049484 0.009900
13 0.661128 0.234383 0.050251 0.014567
13 0.666158 0.217489 0.043289 0.011067
13 0.668090 0.203222 0.057979 0.012822
13 0.665383 0.187789 0.055664 0.013400
13 0.907382 0.193322 0.052581 0.019800
13 0.910472 0.214872 0.055664 0.017478
13 0.905066 0.231183 0.043289 0.015144
13 0.903901 0.249817 0.034794 0.017478
13 0.862153 0.201761 0.044071 0.012233
13 0.719889 0.193611 0.050251 0.012222
13 0.717190 0.205550 0.041755 0.010478
13 0.714476 0.223028 0.045619 0.009322
13 0.712552 0.235833 0.051032 0.008156
13 0.715258 0.245450 0.034794 0.008744
13 0.726077 0.260589 0.045605 0.013400
13 0.768215 0.206711 0.044838 0.022133
13 0.769373 0.227128 0.048717 0.017522
13 0.765125 0.248067 0.046386 0.016311
13 0.813282 0.201483 0.038038 0.014322
13 0.811991 0.216406 0.034159 0.014078
13 0.814727 0.229033 0.038982 0.009222
13 0.812316 0.243239 0.039971 0.011411
13 0.815701 0.255722 0.045442 0.013133
13 0.861136 0.217850 0.040914 0.014056
13 0.860811 0.231339 0.044159 0.011900
13 0.859845 0.245300 0.044794 0.013600
13 0.860332 0.258406 0.041254 0.013589
10 0.415730 0.230133 0.071903 0.086200
10 0.488024 0.240328 0.063392 0.076300
10 0.548326 0.250806 0.054115 0.057656
