13 0.267747 0.748173 0.094606 0.014945
13 0.023424 0.672414 0.046848 0.047845
13 0.086525 0.671400 0.067354 0.053909
13 0.156172 0.669714 0.065879 0.046500
13 0.231051 0.674768 0.074869 0.039082
13 0.311172 0.673759 0.067394 0.037064
13 0.383051 0.673418 0.067394 0.041782
13 0.457182 0.671400 0.071899 0.040436
13 0.583707 0.730627 0.106889 0.025345
13 0.589131 0.750450 0.098949 0.015591
13 0.589495 0.761659 0.098222 0.006827
13 0.593101 0.775150 0.099657 0.016900
13 0.480071 0.730300 0.094606 0.033800
13 0.477909 0.755973 0.096061 0.017545
13 0.485859 0.776123 0.103273 0.017555
13 0.371020 0.730955 0.111939 0.028600
13 0.371020 0.755323 0.081596 0.018845
13 0.371374 0.775145 0.098222 0.018200
13 0.262323 0.727700 0.085212 0.026000
13 0.274970 0.763127 0.096040 0.013000
13 0.273525 0.775473 0.093152 0.013655
