1 0.638894 0.671939 0.080737 0.109167
5 0.478274 0.181594 0.063746 0.137789
5 0.541320 0.195689 0.065118 0.113778
5 0.604366 0.198817 0.058201 0.109611
5 0.666718 0.198817 0.055413 0.103344
1 0.433245 0.706644 0.092832 0.114822
1 0.424233 0.855394 0.060973 0.090811
1 0.425619 0.968650 0.058201 0.056367
1 0.481047 0.838172 0.052655 0.091856
1 0.486733 0.946017 0.053820 0.047567
1 0.536416 0.929250 0.045546 0.054589
1 0.581445 0.914433 0.038289 0.056133
1 0.621807 0.899622 0.040369 0.054578
1 0.539521 0.825939 0.051755 0.092789
1 0.598009 0.809950 0.058997 0.090456
1 0.645619 0.800989 0.032094 0.088111
1 0.511578 0.692994 0.062094 0.120078
1 0.571608 0.677783 0.053835 0.111500
5 0.400678 0.184206 0.083127 0.134656
