4 0.674336 0.656333 0.063746 0.041756
4 0.348031 0.154772 0.175973 0.170144
4 0.505295 0.169383 0.141327 0.138833
4 0.625841 0.163639 0.094218 0.127344
4 0.724226 0.196000 0.069277 0.083511
4 0.731150 0.111444 0.066519 0.081422
4 0.627920 0.066561 0.109469 0.029233
4 0.345944 0.367711 0.146873 0.159711
4 0.490052 0.389106 0.124705 0.129433
4 0.609904 0.397456 0.084528 0.114822
4 0.695819 0.424078 0.059572 0.055333
4 0.700664 0.365622 0.063746 0.059489
4 0.713142 0.262806 0.096991 0.029233
4 0.710369 0.291506 0.063746 0.021922
4 0.715907 0.322306 0.083142 0.029233
4 0.609912 0.299339 0.090059 0.025056
4 0.601593 0.260717 0.098378 0.031322
4 0.353569 0.558733 0.145487 0.124222
4 0.481740 0.567083 0.108083 0.113789
4 0.587043 0.572828 0.077596 0.089767
4 0.686114 0.596311 0.084528 0.044889
4 0.682655 0.545683 0.066519 0.052189
4 0.688193 0.500800 0.074823 0.025044
4 0.701357 0.475228 0.098378 0.021922
4 0.589823 0.484094 0.102537 0.016700
4 0.583584 0.509672 0.095605 0.026100
4 0.351490 0.716872 0.141327 0.133611
4 0.494211 0.726461 0.110841 0.106856
4 0.593975 0.751844 0.083142 0.067844
4 0.687500 0.753406 0.076209 0.060544
4 0.601593 0.685033 0.098378 0.036533
4 0.625155 0.896417 0.081755 0.066811
4 0.548252 0.898500 0.072050 0.066800
3 0.328031 0.833522 0.064823 0.033222
3 0.328031 0.867250 0.066150 0.031211
3 0.328695 0.897444 0.059484 0.023156
3 0.335383 0.922111 0.059469 0.023156
3 0.401202 0.919600 0.068156 0.030200
3 0.400863 0.889144 0.071490 0.028689
3 0.401195 0.859194 0.070826 0.028189
3 0.399521 0.822694 0.070162 0.043789
3 0.473031 0.855167 0.067478 0.030200
3 0.472699 0.886878 0.066814 0.030200
3 0.475029 0.915794 0.068820 0.026633
3 0.476372 0.816150 0.075516 0.022656
