0 0.259570 0.524083 0.044919 0.101078
0 0.316178 0.521050 0.061096 0.100411
1 0.194926 0.670539 0.095037 0.140744
1 0.284541 0.663317 0.076993 0.124500
1 0.347696 0.666472 0.054119 0.101944
1 0.404230 0.662417 0.058948 0.097433
1 0.458963 0.656550 0.050519 0.100144
1 0.514896 0.649339 0.054119 0.092922
1 0.560000 0.642117 0.036089 0.080300
1 0.605719 0.642572 0.048119 0.077589
1 0.650222 0.633544 0.033689 0.063156
5 0.475207 0.804511 0.049319 0.098333
5 0.406637 0.822106 0.063763 0.097433
0 0.169067 0.332317 0.104652 0.135322
0 0.264096 0.330056 0.075778 0.141644
0 0.331459 0.329606 0.058948 0.133522
0 0.392200 0.331411 0.069763 0.142533
0 0.460170 0.332761 0.061348 0.147056
0 0.517904 0.325550 0.056548 0.130811
0 0.581659 0.336822 0.066163 0.129911
0 0.647815 0.337728 0.058948 0.126300
0 0.646015 0.509589 0.036089 0.082089
0 0.605111 0.509139 0.038489 0.077589
0 0.571430 0.508689 0.031274 0.080289
0 0.535948 0.510039 0.032489 0.086611
0 0.506985 0.514778 0.016844 0.072178
0 0.477185 0.517561 0.043556 0.080300
0 0.428222 0.513194 0.032741 0.083900
0 0.388593 0.512294 0.038489 0.074878
0 0.357919 0.522667 0.020459 0.083000
0 0.186785 0.524756 0.093452 0.099733
