1 0.622333 0.751177 0.050323 0.058391
1 0.239293 0.509041 0.118586 0.122827
1 0.580747 0.619577 0.044485 0.081355
1 0.513556 0.628714 0.076364 0.080482
1 0.434758 0.635459 0.065758 0.084409
1 0.650364 0.609355 0.054141 0.080927
1 0.711273 0.603914 0.063798 0.075264
1 0.777505 0.598041 0.074444 0.073955
1 0.350162 0.642636 0.086061 0.087455
1 0.258313 0.652645 0.089919 0.097018
1 0.172263 0.661777 0.082182 0.099627
1 0.065101 0.673309 0.130202 0.099200
1 0.763283 0.727518 0.041394 0.053364
1 0.712939 0.734064 0.054808 0.056382
5 0.078980 0.371059 0.136869 0.114736
5 0.466646 0.387814 0.083556 0.078209
5 0.385172 0.388000 0.084404 0.081600
5 0.295333 0.375405 0.091919 0.105282
5 0.197576 0.375591 0.098586 0.107927
1 0.087273 0.512841 0.167111 0.125209
1 0.356162 0.504491 0.104242 0.117745
1 0.465727 0.501241 0.101798 0.110245
1 0.553020 0.497182 0.066081 0.100182
1 0.636333 0.493182 0.082768 0.098182
1 0.786222 0.487650 0.085010 0.096155
1 0.707909 0.491177 0.040263 0.097155
1 0.051364 0.850595 0.102727 0.086082
1 0.159212 0.836250 0.119677 0.076518
1 0.254859 0.815109 0.073838 0.081545
1 0.335970 0.799736 0.081636 0.075982
1 0.411475 0.784405 0.064889 0.076518
1 0.480828 0.772068 0.073818 0.068973
1 0.560808 0.762755 0.068242 0.060400
1 0.668202 0.742118 0.036929 0.054364
