1 0.703805 0.760383 0.051799 0.073389
0 0.037323 0.905278 0.074646 0.119200
0 0.113333 0.906578 0.075074 0.116600
0 0.184078 0.903317 0.066416 0.117033
0 0.246748 0.920939 0.055442 0.073967
0 0.303348 0.920722 0.057758 0.070911
0 0.359948 0.921156 0.055442 0.073533
0 0.417987 0.919850 0.057183 0.071789
0 0.476032 0.921156 0.057758 0.070044
0 0.477758 0.836539 0.051976 0.035678
0 0.428673 0.839578 0.027729 0.027844
0 0.381018 0.845233 0.047935 0.039156
0 0.316917 0.838494 0.049086 0.031767
0 0.258584 0.836106 0.046785 0.025233
0 0.037249 0.738183 0.074499 0.115233
0 0.109838 0.735822 0.070678 0.119956
0 0.186320 0.739867 0.075147 0.111867
0 0.254749 0.758394 0.059941 0.073456
0 0.316475 0.761094 0.058142 0.074811
0 0.371047 0.761433 0.049204 0.074133
0 0.425170 0.764128 0.055472 0.079522
0 0.481976 0.761433 0.058142 0.074133
0 0.536541 0.607778 0.068894 0.101089
0 0.462736 0.612161 0.064410 0.099056
0 0.392065 0.611150 0.062625 0.107833
0 0.329454 0.614183 0.055457 0.101767
0 0.257891 0.608456 0.082301 0.107822
0 0.165302 0.613172 0.061726 0.102433
0 0.093282 0.609467 0.073348 0.101756
0 0.027854 0.611822 0.055708 0.099733
0 0.023835 0.487150 0.047670 0.110522
0 0.086578 0.487822 0.074248 0.115911
0 0.158142 0.485800 0.067080 0.107822
0 0.238650 0.492539 0.081401 0.094344
0 0.316482 0.493217 0.070664 0.097033
0 0.384919 0.491194 0.064410 0.102433
0 0.447087 0.492539 0.059926 0.102433
0 0.516416 0.490183 0.071563 0.104456
0 0.153223 0.356417 0.064410 0.114567
0 0.078968 0.353722 0.076932 0.119956
0 0.018016 0.354394 0.036032 0.113211
0 0.137566 0.208494 0.088555 0.135456
0 0.050782 0.210167 0.076018 0.132111
0 0.123702 0.058589 0.075133 0.117178
0 0.043068 0.060233 0.086136 0.116578
7 0.217537 0.059628 0.098407 0.118611
7 0.308333 0.059961 0.079617 0.112544
7 0.383923 0.069733 0.066195 0.095689
7 0.379904 0.232489 0.059926 0.086933
7 0.311475 0.225067 0.076932 0.105800
7 0.229617 0.209233 0.084985 0.134778
5 0.473702 0.372106 0.054130 0.083056
1 0.537965 0.759800 0.047935 0.072222
1 0.591704 0.760094 0.059543 0.073967
1 0.647758 0.761844 0.051032 0.079800
1 0.535649 0.922594 0.052566 0.065811
1 0.585900 0.922017 0.047935 0.064656
1 0.641571 0.922011 0.049484 0.066978
1 0.694919 0.921428 0.049484 0.076300
