4 0.396239 0.291756 0.141740 0.035067
4 0.336246 0.168939 0.143879 0.073300
4 0.487353 0.177517 0.135590 0.068611
4 0.093525 0.340089 0.155251 0.063156
4 0.075745 0.262117 0.151490 0.030411
4 0.080590 0.293694 0.152153 0.031189
4 0.233260 0.286678 0.149056 0.035867
4 0.249307 0.336967 0.141799 0.069400
4 0.397832 0.342039 0.130413 0.065500
4 0.088186 0.530417 0.105546 0.051211
4 0.204484 0.522333 0.098407 0.039089
4 0.308252 0.518622 0.094823 0.055933
4 0.401726 0.516267 0.084985 0.047178
4 0.485819 0.504806 0.081401 0.052567
4 0.272913 0.437750 0.067094 0.046500
4 0.128886 0.452917 0.072463 0.024256
4 0.492080 0.654411 0.084985 0.066044
4 0.578407 0.648350 0.075133 0.072789
4 0.055752 0.170111 0.106608 0.070956
4 0.185649 0.167378 0.155251 0.076422
