2 0.460616 0.217614 0.148465 0.194155
2 0.165687 0.444445 0.186444 0.146145
2 0.174697 0.586086 0.172424 0.131718
2 0.489465 0.434523 0.108263 0.140736
2 0.343101 0.441291 0.172424 0.132618
2 0.419283 0.574809 0.312747 0.125400
2 0.629798 0.448055 0.164404 0.102855
2 0.680919 0.566236 0.202485 0.120891
2 0.884414 0.561273 0.176424 0.101945
2 0.167687 0.891491 0.162404 0.127164
2 0.394232 0.873409 0.286687 0.112818
2 0.630798 0.833282 0.202485 0.120891
2 0.824263 0.808468 0.196485 0.119991
2 0.168687 0.763364 0.168404 0.110964
2 0.326071 0.751632 0.134323 0.129009
2 0.450364 0.742164 0.106263 0.128109
2 0.849323 0.448505 0.254606 0.110973
2 0.598717 0.718705 0.154364 0.081191
2 0.922222 0.235882 0.153091 0.191018
2 0.766818 0.228573 0.167010 0.203545
2 0.609081 0.224918 0.148465 0.196236
