0 0.868156 0.886678 0.076933 0.090444
0 0.801630 0.860950 0.060296 0.074856
0 0.740281 0.841456 0.058222 0.087333
0 0.685185 0.832878 0.043674 0.095133
0 0.636319 0.804028 0.041585 0.068611
0 0.589541 0.791939 0.049896 0.067833
0 0.944993 0.187883 0.055111 0.077189
0 0.883133 0.194906 0.062385 0.075633
0 0.823874 0.200361 0.051985 0.066278
0 0.772933 0.204650 0.037422 0.060811
0 0.733422 0.209328 0.049896 0.070167
0 0.688200 0.214394 0.032222 0.056922
0 0.650252 0.227650 0.037422 0.066278
0 0.615430 0.230378 0.040548 0.062378
0 0.571244 0.235056 0.033274 0.060822
0 0.922119 0.318883 0.069659 0.056922
0 0.860259 0.320050 0.043659 0.049900
0 0.808793 0.318100 0.042622 0.047556
0 0.767733 0.323950 0.035348 0.042100
0 0.726148 0.321611 0.047822 0.045222
0 0.679363 0.320828 0.029096 0.040544
0 0.640896 0.322389 0.022859 0.045222
0 0.645052 0.420639 0.047822 0.057700
0 0.688719 0.425311 0.039511 0.056133
0 0.739148 0.425706 0.040548 0.058478
0 0.792681 0.426089 0.056148 0.062378
0 0.850904 0.426094 0.047822 0.065500
0 0.925756 0.435444 0.072785 0.081089
0 0.891444 0.539933 0.066533 0.065489
0 0.824393 0.532522 0.046770 0.061600
0 0.772933 0.525506 0.060296 0.058478
0 0.714711 0.518883 0.041600 0.057700
0 0.673644 0.517322 0.038459 0.060822
0 0.634659 0.512644 0.035333 0.053022
0 0.592037 0.509133 0.041585 0.053800
0 0.558244 0.505622 0.017674 0.053022
0 0.524459 0.504450 0.035348 0.049122
0 0.490674 0.500944 0.030148 0.043667
0 0.461037 0.490417 0.037422 0.049122
0 0.433489 0.485744 0.015600 0.042889
0 0.406978 0.487689 0.020800 0.046778
0 0.383067 0.481839 0.022874 0.049122
0 0.499089 0.758022 0.033259 0.063933
0 0.871696 0.650261 0.074859 0.084989
0 0.800481 0.642078 0.067570 0.085778
0 0.738622 0.624144 0.045748 0.070178
0 0.678326 0.616739 0.049896 0.066278
0 0.635696 0.608161 0.049911 0.067833
0 0.647659 0.706406 0.046785 0.074078
0 0.697037 0.718489 0.045748 0.085778
0 0.745904 0.734861 0.051985 0.084211
0 0.794237 0.751239 0.046785 0.082656
0 0.867533 0.770733 0.087333 0.096689
0 0.595778 0.695644 0.039496 0.073289
0 0.550030 0.678878 0.047822 0.060044
0 0.510007 0.669917 0.034296 0.067056
0 0.473622 0.660167 0.032222 0.055356
0 0.442430 0.650422 0.028059 0.051467
0 0.399807 0.639500 0.034311 0.051467
0 0.367059 0.625078 0.031185 0.042889
0 0.372259 0.721767 0.016637 0.064711
0 0.402400 0.729956 0.035348 0.053022
0 0.357319 0.254822 0.021748 0.044267
0 0.383719 0.252789 0.021748 0.044844
0 0.540674 0.768544 0.039511 0.070956
0 0.462704 0.747106 0.027037 0.059256
0 0.444681 0.244928 0.019407 0.051256
0 0.470319 0.243178 0.024074 0.046600
0 0.503704 0.240261 0.030281 0.051256
0 0.535933 0.235606 0.027956 0.057078
0 0.418667 0.249878 0.040385 0.049511
0 0.435156 0.743983 0.023911 0.056144
