0 0.528007 0.443461 0.016044 0.044367
0 0.765178 0.187533 0.040430 0.055933
0 0.725193 0.193939 0.030563 0.055256
0 0.692400 0.201011 0.033244 0.051889
0 0.662741 0.205389 0.024267 0.053911
0 0.636681 0.210783 0.022459 0.051211
0 0.606141 0.214489 0.020667 0.051889
0 0.583222 0.221567 0.019778 0.051222
0 0.557170 0.226283 0.021570 0.047167
0 0.533356 0.224933 0.018859 0.049867
0 0.512237 0.232011 0.021570 0.047844
0 0.493370 0.234033 0.019778 0.039756
0 0.472252 0.237067 0.024267 0.041778
0 0.452933 0.241783 0.010785 0.048522
0 0.435415 0.243133 0.018859 0.051222
0 0.412052 0.241783 0.013467 0.037744
0 0.397674 0.249194 0.013481 0.041789
0 0.756637 0.288922 0.052148 0.042867
0 0.713770 0.292300 0.032578 0.042111
0 0.685193 0.296067 0.024578 0.042867
0 0.657119 0.294933 0.021556 0.037600
0 0.631296 0.298883 0.027067 0.035722
0 0.604474 0.299067 0.026578 0.033844
0 0.579407 0.300011 0.019556 0.034978
0 0.583911 0.375406 0.030578 0.045878
0 0.613244 0.375400 0.025067 0.047378
0 0.644326 0.376533 0.032089 0.051133
0 0.679674 0.378222 0.033600 0.049267
0 0.712015 0.377283 0.028089 0.052633
0 0.753378 0.377094 0.045630 0.059033
0 0.736837 0.469411 0.042622 0.054156
0 0.697474 0.462828 0.028074 0.050767
0 0.667896 0.461328 0.033096 0.049256
0 0.633800 0.459067 0.023067 0.047000
0 0.605978 0.450611 0.024578 0.043622
0 0.577644 0.449861 0.025067 0.049633
0 0.551578 0.445906 0.023067 0.044744
0 0.509215 0.445156 0.017541 0.042489
0 0.488652 0.443089 0.019556 0.038356
0 0.468600 0.439328 0.017556 0.034589
0 0.449556 0.438956 0.012533 0.033844
0 0.437267 0.438017 0.015037 0.035722
0 0.728141 0.551289 0.045822 0.057089
0 0.686207 0.547506 0.036504 0.059989
0 0.648926 0.540511 0.031837 0.055333
0 0.610874 0.530900 0.042726 0.066400
0 0.577874 0.524206 0.017081 0.054167
0 0.732800 0.739711 0.055141 0.072800
0 0.684652 0.723111 0.030281 0.064067
0 0.650874 0.716706 0.026400 0.062900
0 0.619415 0.701267 0.028726 0.053000
0 0.585637 0.685250 0.032607 0.055922
0 0.554185 0.673022 0.027185 0.050089
0 0.523511 0.661950 0.023289 0.053589
0 0.497104 0.648556 0.013970 0.045422
0 0.725422 0.642150 0.041926 0.053589
0 0.684267 0.632833 0.032622 0.055911
0 0.648148 0.619144 0.030281 0.055333
0 0.615541 0.611861 0.025630 0.046589
0 0.588741 0.605456 0.029511 0.055911
0 0.558067 0.596133 0.022533 0.050089
0 0.528941 0.587983 0.031067 0.041944
